3 4 id_0
0 4 lsys_0
1 4 sl_0
2 4 sr_0
6 7 id_2
0 7 n_1
3 7 n_2
1 7 a_1
4 7 a_2
2 7 adag_1
4 7 a_2
5 7 adag_2
1 7 a_1
0 1 id_0
0 1 id_0
0 1 id_0
0 1 id_0
0 1 id_0
0 1 id_0
0 1 id_0
0 1 id_0
0 1 id_0
0 1 id_0
0 1 id_0
0 1 id_0
0 1 id_0
0 1 id_0
0 1 id_0
0 1 id_0
0 1 id_0
0 1 id_0
0 1 id_0
0 1 id_0
0 1 id_0
0 1 id_0
identity index 0 23
0 1 2 3 4 5 6 7 8 9 
identity index 0 22
0 1 2 3 4 5 6 7 8 9 
identity index 0 21
0 1 2 3 4 5 6 7 8 9 
identity index 0 20
0 1 2 3 4 5 6 7 8 9 
identity index 0 19
0 1 2 3 4 5 6 7 8 9 
identity index 0 18
0 1 2 3 4 5 6 7 8 9 
identity index 0 17
0 1 2 3 4 5 6 7 8 9 
identity index 0 16
0 1 2 3 4 5 6 7 8 9 
identity index 0 15
0 1 2 3 4 5 6 7 8 9 
identity index 0 14
0 1 2 3 4 5 6 7 8 9 
identity index 0 13
0 1 2 3 4 5 6 7 8 9 
identity index 0 12
0 1 2 3 4 5 6 7 8 9 
identity index 0 11
0 1 2 3 4 5 6 7 8 9 
identity index 0 10
0 1 2 3 4 5 6 7 8 9 
identity index 0 9
0 1 2 3 4 5 6 7 8 9 
identity index 0 8
0 1 2 3 4 5 6 7 8 9 
identity index 0 7
0 1 2 3 4 5 6 7 8 9 
identity index 0 6
0 1 2 3 4 5 6 7 8 9 
identity index 0 5
0 1 2 3 4 5 6 7 8 9 
identity index 0 4
0 1 2 3 4 5 6 7 8 9 
identity index 0 3
0 1 2 3 4 5 6 7 8 9 
identity index 0 2
0 1 2 3 4 5 6 7 8 9 
identity index 0 1
0 3 9 
7 
6 
5 
4 
2 8 
1 
0 3 
identity index 0 0
5 6 7 
9 
2 3 4 
0 1 8 
3 4 id_0
3 4 id_0
id_0
5 6 7 
0 4 lsys_0
0 4 lsys_0
lsys_0
9 
1 4 sl_0
1 4 sl_0
sl_0
2 3 4 
2 4 sr_0
2 4 sr_0
sr_0
0 1 8 
6 7 id_2
6 7 id_2
id_2
0 3 9 
0 7 n_1
0 7 n_1
n_1
7 
3 7 n_2
3 7 n_2
n_2
6 
1 7 a_1
4 7 a_2
1 7 a_1
4 7 a_2
a_1 a_2
5 
2 7 adag_1
2 7 adag_1
adag_1
4 
4 7 a_2
4 7 a_2
a_2
2 8 
5 7 adag_2
5 7 adag_2
adag_2
1 
1 7 a_1
1 7 a_1
a_1
0 3 
0 1 id_0
0 1 id_0
id_0
0 1 2 3 4 5 6 7 8 9 
0 1 id_0
0 1 id_0
id_0
0 1 2 3 4 5 6 7 8 9 
0 1 id_0
0 1 id_0
id_0
0 1 2 3 4 5 6 7 8 9 
0 1 id_0
0 1 id_0
id_0
0 1 2 3 4 5 6 7 8 9 
0 1 id_0
0 1 id_0
id_0
0 1 2 3 4 5 6 7 8 9 
0 1 id_0
0 1 id_0
id_0
0 1 2 3 4 5 6 7 8 9 
0 1 id_0
0 1 id_0
id_0
0 1 2 3 4 5 6 7 8 9 
0 1 id_0
0 1 id_0
id_0
0 1 2 3 4 5 6 7 8 9 
0 1 id_0
0 1 id_0
id_0
0 1 2 3 4 5 6 7 8 9 
0 1 id_0
0 1 id_0
id_0
0 1 2 3 4 5 6 7 8 9 
0 1 id_0
0 1 id_0
id_0
0 1 2 3 4 5 6 7 8 9 
0 1 id_0
0 1 id_0
id_0
0 1 2 3 4 5 6 7 8 9 
0 1 id_0
0 1 id_0
id_0
0 1 2 3 4 5 6 7 8 9 
0 1 id_0
0 1 id_0
id_0
0 1 2 3 4 5 6 7 8 9 
0 1 id_0
0 1 id_0
id_0
0 1 2 3 4 5 6 7 8 9 
0 1 id_0
0 1 id_0
id_0
0 1 2 3 4 5 6 7 8 9 
0 1 id_0
0 1 id_0
id_0
0 1 2 3 4 5 6 7 8 9 
0 1 id_0
0 1 id_0
id_0
0 1 2 3 4 5 6 7 8 9 
0 1 id_0
0 1 id_0
id_0
0 1 2 3 4 5 6 7 8 9 
0 1 id_0
0 1 id_0
id_0
0 1 2 3 4 5 6 7 8 9 
0 1 id_0
0 1 id_0
id_0
0 1 2 3 4 5 6 7 8 9 
0 1 id_0
0 1 id_0
id_0
0 1 2 3 4 5 6 7 8 9 
what is going on here
3 3
0 1 2 3 4 5 6 7 8 9  5 6 7  5 6 7 
what is going on here
1 1
0 1 2 3 4 8 9  9  9 
what is going on here
3 3
0 1 2 3 4 8  2 3 4  2 3 4 
what is going on here
3 3
0 1 8  0 1 8  0 1 8 
what is going on here
3 1
9  0 3 9  9 
what is going on here
10 10
0 1 2 3 4 5 6 7 8 9  0 1 2 3 4 5 6 7 8 9  0 1 2 3 4 5 6 7 8 9 
what is going on here
10 10
0 1 2 3 4 5 6 7 8 9  0 1 2 3 4 5 6 7 8 9  0 1 2 3 4 5 6 7 8 9 
what is going on here
10 10
0 1 2 3 4 5 6 7 8 9  0 1 2 3 4 5 6 7 8 9  0 1 2 3 4 5 6 7 8 9 
what is going on here
10 10
0 1 2 3 4 5 6 7 8 9  0 1 2 3 4 5 6 7 8 9  0 1 2 3 4 5 6 7 8 9 
what is going on here
10 10
0 1 2 3 4 5 6 7 8 9  0 1 2 3 4 5 6 7 8 9  0 1 2 3 4 5 6 7 8 9 
what is going on here
10 10
0 1 2 3 4 5 6 7 8 9  0 1 2 3 4 5 6 7 8 9  0 1 2 3 4 5 6 7 8 9 
what is going on here
10 10
0 1 2 3 4 5 6 7 8 9  0 1 2 3 4 5 6 7 8 9  0 1 2 3 4 5 6 7 8 9 
what is going on here
10 10
0 1 2 3 4 5 6 7 8 9  0 1 2 3 4 5 6 7 8 9  0 1 2 3 4 5 6 7 8 9 
what is going on here
10 10
0 1 2 3 4 5 6 7 8 9  0 1 2 3 4 5 6 7 8 9  0 1 2 3 4 5 6 7 8 9 
what is going on here
10 10
0 1 2 3 4 5 6 7 8 9  0 1 2 3 4 5 6 7 8 9  0 1 2 3 4 5 6 7 8 9 
what is going on here
10 10
0 1 2 3 4 5 6 7 8 9  0 1 2 3 4 5 6 7 8 9  0 1 2 3 4 5 6 7 8 9 
what is going on here
10 10
0 1 2 3 4 5 6 7 8 9  0 1 2 3 4 5 6 7 8 9  0 1 2 3 4 5 6 7 8 9 
what is going on here
10 10
0 1 2 3 4 5 6 7 8 9  0 1 2 3 4 5 6 7 8 9  0 1 2 3 4 5 6 7 8 9 
what is going on here
10 10
0 1 2 3 4 5 6 7 8 9  0 1 2 3 4 5 6 7 8 9  0 1 2 3 4 5 6 7 8 9 
what is going on here
10 10
0 1 2 3 4 5 6 7 8 9  0 1 2 3 4 5 6 7 8 9  0 1 2 3 4 5 6 7 8 9 
what is going on here
10 10
0 1 2 3 4 5 6 7 8 9  0 1 2 3 4 5 6 7 8 9  0 1 2 3 4 5 6 7 8 9 
what is going on here
10 10
0 1 2 3 4 5 6 7 8 9  0 1 2 3 4 5 6 7 8 9  0 1 2 3 4 5 6 7 8 9 
what is going on here
10 10
0 1 2 3 4 5 6 7 8 9  0 1 2 3 4 5 6 7 8 9  0 1 2 3 4 5 6 7 8 9 
what is going on here
10 10
0 1 2 3 4 5 6 7 8 9  0 1 2 3 4 5 6 7 8 9  0 1 2 3 4 5 6 7 8 9 
what is going on here
10 10
0 1 2 3 4 5 6 7 8 9  0 1 2 3 4 5 6 7 8 9  0 1 2 3 4 5 6 7 8 9 
what is going on here
10 10
0 1 2 3 4 5 6 7 8 9  0 1 2 3 4 5 6 7 8 9  0 1 2 3 4 5 6 7 8 9 
what is going on here
10 10
0 1 2 3 4 5 6 7 8 9  0 1 2 3 4 5 6 7 8 9  0 1 2 3 4 5 6 7 8 9 
what is going on here
10 10
0 1 2 3 4 5 6 7 8 9  0 1 2 3 4 5 6 7 8 9  0 1 2 3 4 5 6 7 8 9 
what is going on here
10 10
0 1 2 3 4 5 6 7 8 9  0 1 2 3 4 5 6 7 8 9  0 1 2 3 4 5 6 7 8 9 
what is going on here
10 10
0 1 2 3 4 5 6 7 8 9  0 1 2 3 4 5 6 7 8 9  0 1 2 3 4 5 6 7 8 9 
what is going on here
10 10
0 1 2 3 4 5 6 7 8 9  0 1 2 3 4 5 6 7 8 9  0 1 2 3 4 5 6 7 8 9 
what is going on here
10 10
0 1 2 3 4 5 6 7 8 9  0 1 2 3 4 5 6 7 8 9  0 1 2 3 4 5 6 7 8 9 
what is going on here
10 10
0 1 2 3 4 5 6 7 8 9  0 1 2 3 4 5 6 7 8 9  0 1 2 3 4 5 6 7 8 9 
what is going on here
10 10
0 1 2 3 4 5 6 7 8 9  0 1 2 3 4 5 6 7 8 9  0 1 2 3 4 5 6 7 8 9 
what is going on here
10 10
0 1 2 3 4 5 6 7 8 9  0 1 2 3 4 5 6 7 8 9  0 1 2 3 4 5 6 7 8 9 
what is going on here
10 10
0 1 2 3 4 5 6 7 8 9  0 1 2 3 4 5 6 7 8 9  0 1 2 3 4 5 6 7 8 9 
what is going on here
10 10
0 1 2 3 4 5 6 7 8 9  0 1 2 3 4 5 6 7 8 9  0 1 2 3 4 5 6 7 8 9 
what is going on here
10 10
0 1 2 3 4 5 6 7 8 9  0 1 2 3 4 5 6 7 8 9  0 1 2 3 4 5 6 7 8 9 
what is going on here
10 10
0 1 2 3 4 5 6 7 8 9  0 1 2 3 4 5 6 7 8 9  0 1 2 3 4 5 6 7 8 9 
what is going on here
10 10
0 1 2 3 4 5 6 7 8 9  0 1 2 3 4 5 6 7 8 9  0 1 2 3 4 5 6 7 8 9 
what is going on here
10 10
0 1 2 3 4 5 6 7 8 9  0 1 2 3 4 5 6 7 8 9  0 1 2 3 4 5 6 7 8 9 
what is going on here
10 10
0 1 2 3 4 5 6 7 8 9  0 1 2 3 4 5 6 7 8 9  0 1 2 3 4 5 6 7 8 9 
what is going on here
10 10
0 1 2 3 4 5 6 7 8 9  0 1 2 3 4 5 6 7 8 9  0 1 2 3 4 5 6 7 8 9 
what is going on here
10 10
0 1 2 3 4 5 6 7 8 9  0 1 2 3 4 5 6 7 8 9  0 1 2 3 4 5 6 7 8 9 
what is going on here
10 10
0 1 2 3 4 5 6 7 8 9  0 1 2 3 4 5 6 7 8 9  0 1 2 3 4 5 6 7 8 9 
what is going on here
10 10
0 1 2 3 4 5 6 7 8 9  0 1 2 3 4 5 6 7 8 9  0 1 2 3 4 5 6 7 8 9 
what is going on here
10 10
0 1 2 3 4 5 6 7 8 9  0 1 2 3 4 5 6 7 8 9  0 1 2 3 4 5 6 7 8 9 
what is going on here
10 10
0 1 2 3 4 5 6 7 8 9  0 1 2 3 4 5 6 7 8 9  0 1 2 3 4 5 6 7 8 9 
I_4
dense matrix operator: 
[[0+0i, -0.5+0i, 0.5+0i, 0+0i],
[-0.5+0i, 0+0i, 0+0i, 0.5+0i],
[0.5+0i, 0+0i, 0+0i, -0.5+0i],
[0+0i, 0.5+0i, -0.5+0i, 0+0i]]


dense matrix operator: 
[[1+0i, 0+0i, 0+0i, 0+0i],
[0+0i, 1+0i, 0+0i, 0+0i],
[0+0i, 0+0i, -1+0i, -0+0i],
[0+0i, 0+0i, -0+0i, -1+0i]]


dense matrix operator: 
[[1+0i, 0+0i, 0+0i, 0+0i],
[0+0i, -1+0i, 0+0i, -0+0i],
[0+0i, 0+0i, 1+0i, 0+0i],
[0+0i, -0+0i, 0+0i, -1+0i]]


I_64
diagonal matrix operator: 
diagonal: 64 64
0 0 (0,0)
1 1 (0,0)
2 2 (0,0)
3 3 (0,0)
4 4 (0,0)
5 5 (0,0)
6 6 (0,0)
7 7 (0,0)
8 8 (1,0)
9 9 (1,0)
10 10 (1,0)
11 11 (1,0)
12 12 (1,0)
13 13 (1,0)
14 14 (1,0)
15 15 (1,0)
16 16 (2,0)
17 17 (2,0)
18 18 (2,0)
19 19 (2,0)
20 20 (2,0)
21 21 (2,0)
22 22 (2,0)
23 23 (2,0)
24 24 (3,0)
25 25 (3,0)
26 26 (3,0)
27 27 (3,0)
28 28 (3,0)
29 29 (3,0)
30 30 (3,0)
31 31 (3,0)
32 32 (4,0)
33 33 (4,0)
34 34 (4,0)
35 35 (4,0)
36 36 (4,0)
37 37 (4,0)
38 38 (4,0)
39 39 (4,0)
40 40 (5,0)
41 41 (5,0)
42 42 (5,0)
43 43 (5,0)
44 44 (5,0)
45 45 (5,0)
46 46 (5,0)
47 47 (5,0)
48 48 (6,0)
49 49 (6,0)
50 50 (6,0)
51 51 (6,0)
52 52 (6,0)
53 53 (6,0)
54 54 (6,0)
55 55 (6,0)
56 56 (7,0)
57 57 (7,0)
58 58 (7,0)
59 59 (7,0)
60 60 (7,0)
61 61 (7,0)
62 62 (7,0)
63 63 (7,0)


diagonal matrix operator: 
diagonal: 64 64
0 0 (0,0)
1 1 (1,0)
2 2 (2,0)
3 3 (3,0)
4 4 (4,0)
5 5 (5,0)
6 6 (6,0)
7 7 (7,0)
8 8 (0,0)
9 9 (1,0)
10 10 (2,0)
11 11 (3,0)
12 12 (4,0)
13 13 (5,0)
14 14 (6,0)
15 15 (7,0)
16 16 (0,0)
17 17 (1,0)
18 18 (2,0)
19 19 (3,0)
20 20 (4,0)
21 21 (5,0)
22 22 (6,0)
23 23 (7,0)
24 24 (0,0)
25 25 (1,0)
26 26 (2,0)
27 27 (3,0)
28 28 (4,0)
29 29 (5,0)
30 30 (6,0)
31 31 (7,0)
32 32 (0,0)
33 33 (1,0)
34 34 (2,0)
35 35 (3,0)
36 36 (4,0)
37 37 (5,0)
38 38 (6,0)
39 39 (7,0)
40 40 (0,0)
41 41 (1,0)
42 42 (2,0)
43 43 (3,0)
44 44 (4,0)
45 45 (5,0)
46 46 (6,0)
47 47 (7,0)
48 48 (0,0)
49 49 (1,0)
50 50 (2,0)
51 51 (3,0)
52 52 (4,0)
53 53 (5,0)
54 54 (6,0)
55 55 (7,0)
56 56 (0,0)
57 57 (1,0)
58 58 (2,0)
59 59 (3,0)
60 60 (4,0)
61 61 (5,0)
62 62 (6,0)
63 63 (7,0)


sequential product operator: 
sparse matrix operator: 
0 8 (1,0)
1 9 (1,0)
2 10 (1,0)
3 11 (1,0)
4 12 (1,0)
5 13 (1,0)
6 14 (1,0)
7 15 (1,0)
8 16 (1.41421,0)
9 17 (1.41421,0)
10 18 (1.41421,0)
11 19 (1.41421,0)
12 20 (1.41421,0)
13 21 (1.41421,0)
14 22 (1.41421,0)
15 23 (1.41421,0)
16 24 (1.73205,0)
17 25 (1.73205,0)
18 26 (1.73205,0)
19 27 (1.73205,0)
20 28 (1.73205,0)
21 29 (1.73205,0)
22 30 (1.73205,0)
23 31 (1.73205,0)
24 32 (2,0)
25 33 (2,0)
26 34 (2,0)
27 35 (2,0)
28 36 (2,0)
29 37 (2,0)
30 38 (2,0)
31 39 (2,0)
32 40 (2.23607,0)
33 41 (2.23607,0)
34 42 (2.23607,0)
35 43 (2.23607,0)
36 44 (2.23607,0)
37 45 (2.23607,0)
38 46 (2.23607,0)
39 47 (2.23607,0)
40 48 (2.44949,0)
41 49 (2.44949,0)
42 50 (2.44949,0)
43 51 (2.44949,0)
44 52 (2.44949,0)
45 53 (2.44949,0)
46 54 (2.44949,0)
47 55 (2.44949,0)
48 56 (2.64575,0)
49 57 (2.64575,0)
50 58 (2.64575,0)
51 59 (2.64575,0)
52 60 (2.64575,0)
53 61 (2.64575,0)
54 62 (2.64575,0)
55 63 (2.64575,0)


sparse matrix operator: 
0 1 (1,0)
1 2 (1.41421,0)
2 3 (1.73205,0)
3 4 (2,0)
4 5 (2.23607,0)
5 6 (2.44949,0)
6 7 (2.64575,0)
8 9 (1,0)
9 10 (1.41421,0)
10 11 (1.73205,0)
11 12 (2,0)
12 13 (2.23607,0)
13 14 (2.44949,0)
14 15 (2.64575,0)
16 17 (1,0)
17 18 (1.41421,0)
18 19 (1.73205,0)
19 20 (2,0)
20 21 (2.23607,0)
21 22 (2.44949,0)
22 23 (2.64575,0)
24 25 (1,0)
25 26 (1.41421,0)
26 27 (1.73205,0)
27 28 (2,0)
28 29 (2.23607,0)
29 30 (2.44949,0)
30 31 (2.64575,0)
32 33 (1,0)
33 34 (1.41421,0)
34 35 (1.73205,0)
35 36 (2,0)
36 37 (2.23607,0)
37 38 (2.44949,0)
38 39 (2.64575,0)
40 41 (1,0)
41 42 (1.41421,0)
42 43 (1.73205,0)
43 44 (2,0)
44 45 (2.23607,0)
45 46 (2.44949,0)
46 47 (2.64575,0)
48 49 (1,0)
49 50 (1.41421,0)
50 51 (1.73205,0)
51 52 (2,0)
52 53 (2.23607,0)
53 54 (2.44949,0)
54 55 (2.64575,0)
56 57 (1,0)
57 58 (1.41421,0)
58 59 (1.73205,0)
59 60 (2,0)
60 61 (2.23607,0)
61 62 (2.44949,0)
62 63 (2.64575,0)



sparse matrix operator: 
8 0 (1,0)
9 1 (1,0)
10 2 (1,0)
11 3 (1,0)
12 4 (1,0)
13 5 (1,0)
14 6 (1,0)
15 7 (1,0)
16 8 (1.41421,0)
17 9 (1.41421,0)
18 10 (1.41421,0)
19 11 (1.41421,0)
20 12 (1.41421,0)
21 13 (1.41421,0)
22 14 (1.41421,0)
23 15 (1.41421,0)
24 16 (1.73205,0)
25 17 (1.73205,0)
26 18 (1.73205,0)
27 19 (1.73205,0)
28 20 (1.73205,0)
29 21 (1.73205,0)
30 22 (1.73205,0)
31 23 (1.73205,0)
32 24 (2,0)
33 25 (2,0)
34 26 (2,0)
35 27 (2,0)
36 28 (2,0)
37 29 (2,0)
38 30 (2,0)
39 31 (2,0)
40 32 (2.23607,0)
41 33 (2.23607,0)
42 34 (2.23607,0)
43 35 (2.23607,0)
44 36 (2.23607,0)
45 37 (2.23607,0)
46 38 (2.23607,0)
47 39 (2.23607,0)
48 40 (2.44949,0)
49 41 (2.44949,0)
50 42 (2.44949,0)
51 43 (2.44949,0)
52 44 (2.44949,0)
53 45 (2.44949,0)
54 46 (2.44949,0)
55 47 (2.44949,0)
56 48 (2.64575,0)
57 49 (2.64575,0)
58 50 (2.64575,0)
59 51 (2.64575,0)
60 52 (2.64575,0)
61 53 (2.64575,0)
62 54 (2.64575,0)
63 55 (2.64575,0)


sparse matrix operator: 
0 1 (1,0)
1 2 (1.41421,0)
2 3 (1.73205,0)
3 4 (2,0)
4 5 (2.23607,0)
5 6 (2.44949,0)
6 7 (2.64575,0)
8 9 (1,0)
9 10 (1.41421,0)
10 11 (1.73205,0)
11 12 (2,0)
12 13 (2.23607,0)
13 14 (2.44949,0)
14 15 (2.64575,0)
16 17 (1,0)
17 18 (1.41421,0)
18 19 (1.73205,0)
19 20 (2,0)
20 21 (2.23607,0)
21 22 (2.44949,0)
22 23 (2.64575,0)
24 25 (1,0)
25 26 (1.41421,0)
26 27 (1.73205,0)
27 28 (2,0)
28 29 (2.23607,0)
29 30 (2.44949,0)
30 31 (2.64575,0)
32 33 (1,0)
33 34 (1.41421,0)
34 35 (1.73205,0)
35 36 (2,0)
36 37 (2.23607,0)
37 38 (2.44949,0)
38 39 (2.64575,0)
40 41 (1,0)
41 42 (1.41421,0)
42 43 (1.73205,0)
43 44 (2,0)
44 45 (2.23607,0)
45 46 (2.44949,0)
46 47 (2.64575,0)
48 49 (1,0)
49 50 (1.41421,0)
50 51 (1.73205,0)
51 52 (2,0)
52 53 (2.23607,0)
53 54 (2.44949,0)
54 55 (2.64575,0)
56 57 (1,0)
57 58 (1.41421,0)
58 59 (1.73205,0)
59 60 (2,0)
60 61 (2.23607,0)
61 62 (2.44949,0)
62 63 (2.64575,0)


sparse matrix operator: 
1 0 (1,0)
2 1 (1.41421,0)
3 2 (1.73205,0)
4 3 (2,0)
5 4 (2.23607,0)
6 5 (2.44949,0)
7 6 (2.64575,0)
9 8 (1,0)
10 9 (1.41421,0)
11 10 (1.73205,0)
12 11 (2,0)
13 12 (2.23607,0)
14 13 (2.44949,0)
15 14 (2.64575,0)
17 16 (1,0)
18 17 (1.41421,0)
19 18 (1.73205,0)
20 19 (2,0)
21 20 (2.23607,0)
22 21 (2.44949,0)
23 22 (2.64575,0)
25 24 (1,0)
26 25 (1.41421,0)
27 26 (1.73205,0)
28 27 (2,0)
29 28 (2.23607,0)
30 29 (2.44949,0)
31 30 (2.64575,0)
33 32 (1,0)
34 33 (1.41421,0)
35 34 (1.73205,0)
36 35 (2,0)
37 36 (2.23607,0)
38 37 (2.44949,0)
39 38 (2.64575,0)
41 40 (1,0)
42 41 (1.41421,0)
43 42 (1.73205,0)
44 43 (2,0)
45 44 (2.23607,0)
46 45 (2.44949,0)
47 46 (2.64575,0)
49 48 (1,0)
50 49 (1.41421,0)
51 50 (1.73205,0)
52 51 (2,0)
53 52 (2.23607,0)
54 53 (2.44949,0)
55 54 (2.64575,0)
57 56 (1,0)
58 57 (1.41421,0)
59 58 (1.73205,0)
60 59 (2,0)
61 60 (2.23607,0)
62 61 (2.44949,0)
63 62 (2.64575,0)


sparse matrix operator: 
0 8 (1,0)
1 9 (1,0)
2 10 (1,0)
3 11 (1,0)
4 12 (1,0)
5 13 (1,0)
6 14 (1,0)
7 15 (1,0)
8 16 (1.41421,0)
9 17 (1.41421,0)
10 18 (1.41421,0)
11 19 (1.41421,0)
12 20 (1.41421,0)
13 21 (1.41421,0)
14 22 (1.41421,0)
15 23 (1.41421,0)
16 24 (1.73205,0)
17 25 (1.73205,0)
18 26 (1.73205,0)
19 27 (1.73205,0)
20 28 (1.73205,0)
21 29 (1.73205,0)
22 30 (1.73205,0)
23 31 (1.73205,0)
24 32 (2,0)
25 33 (2,0)
26 34 (2,0)
27 35 (2,0)
28 36 (2,0)
29 37 (2,0)
30 38 (2,0)
31 39 (2,0)
32 40 (2.23607,0)
33 41 (2.23607,0)
34 42 (2.23607,0)
35 43 (2.23607,0)
36 44 (2.23607,0)
37 45 (2.23607,0)
38 46 (2.23607,0)
39 47 (2.23607,0)
40 48 (2.44949,0)
41 49 (2.44949,0)
42 50 (2.44949,0)
43 51 (2.44949,0)
44 52 (2.44949,0)
45 53 (2.44949,0)
46 54 (2.44949,0)
47 55 (2.44949,0)
48 56 (2.64575,0)
49 57 (2.64575,0)
50 58 (2.64575,0)
51 59 (2.64575,0)
52 60 (2.64575,0)
53 61 (2.64575,0)
54 62 (2.64575,0)
55 63 (2.64575,0)


/home/lachlan/Refactor/ttns_lib/include/ttns_lib/operators/sop_operator.hpp:535:Assertion failed _mode == mode: Invalid mode encountered.
Traceback (most recent call last):
  File "/home/lachlan/Refactor/ttns_lib/examples/spin_boson_model/sbm_pseudomode.py", line 231, in <module>
    sbm_dynamics(args.alpha, args.wc, args.s, args.eps, args.delta, args.chi, args.nbose, args.dt, beta = args.beta, nstep = nstep, geom=args.geom, ofname = args.fname, nunoccupied=args.nunoccupied, spawning_threshold=args.spawning_threshold, unoccupied_threshold = args.unoccupied_threshold, adaptive = args.subspace, degree = args.degree, aaa_tol=args.aaatol, nbose_min=8)
  File "/home/lachlan/Refactor/ttns_lib/examples/spin_boson_model/sbm_pseudomode.py", line 110, in sbm_dynamics
    h = sop_operator(H, A, sysinf, opdict)
  File "/home/lachlan/Refactor/ttns_lib/examples/spin_boson_model/../../pyttn/ttns/operators/sopOperatorExt.py", line 10, in sop_operator
    return sop_operator_complex(h, A, sysinf, *args, **kwargs)
RuntimeError: /home/lachlan/Refactor/ttns_lib/include/ttns_lib/operators/sop_operator.hpp:197:Failed to construct sop operator.
