0 0 4
0 0 0 4
1 1 3
1 1 1 3
2 2 3
2 0 2 3
3 3 3
3 2 3 3
4 4 3
4 1 4 3
5 5 3
5 0 5 3
6 6 3
6 2 6 3
7 7 3
7 2 7 3
8 8 3
8 1 8 3
9 9 3
9 0 9 3
10 10 3
10 0 10 3
11 11 3
11 0 11 3
12 12 3
12 2 12 3
13 13 3
13 1 13 3
14 14 3
14 1 14 3
15 15 3
15 2 15 3
16 16 3
16 1 16 3
17 17 3
17 1 17 3
18 18 3
18 1 18 3
19 19 3
19 1 19 3
20 20 3
20 2 20 3
21 21 3
21 2 21 3
22 22 3
22 0 22 3
23 23 3
23 2 23 3
24 24 3
24 0 24 3
25 25 3
25 2 25 3
26 26 3
26 2 26 3
27 27 3
27 0 27 3
28 28 3
28 2 28 3
29 29 3
29 0 29 3
30 30 3
30 0 30 3
31 31 3
31 2 31 3
32 32 3
32 0 32 3
33 33 3
33 0 33 3
34 34 3
34 1 34 3
35 35 3
35 2 35 3
36 36 3
36 2 36 3
37 37 3
37 1 37 3
38 38 3
38 2 38 3
39 39 3
39 2 39 3
40 40 3
40 0 40 3
41 41 3
41 0 41 3
42 42 3
42 1 42 3
43 43 3
43 0 43 3
44 44 3
44 1 44 3
45 45 3
45 0 45 3
46 46 3
46 0 46 3
4 5 id_0
1 5 sp_0
2 5 sm_f_0
0 5 lsys_0
3 5 sm_b_0
2 4 n_1
3 4 id_1
0 4 a_1
1 4 adag_1
3 4 id_2
0 4 a_2
1 4 adag_2
2 4 n_2
1 4 adag_3
2 4 n_3
3 4 id_3
0 4 a_3
1 4 adag_4
3 4 id_4
0 4 a_4
2 4 n_4
3 4 id_5
0 4 a_5
1 4 adag_5
2 4 n_5
1 4 adag_6
2 4 n_6
3 4 id_6
0 4 a_6
1 4 adag_7
2 4 n_7
3 4 id_7
0 4 a_7
1 4 adag_8
3 4 id_8
0 4 a_8
2 4 n_8
3 4 id_9
0 4 a_9
2 4 n_9
1 4 adag_9
3 4 id_10
0 4 a_10
1 4 adag_10
2 4 n_10
3 4 id_11
0 4 a_11
1 4 adag_11
2 4 n_11
1 4 adag_12
2 4 n_12
3 4 id_12
0 4 a_12
1 4 adag_13
3 4 id_13
0 4 a_13
2 4 n_13
1 4 adag_14
3 4 id_14
0 4 a_14
2 4 n_14
1 4 adag_15
2 4 n_15
3 4 id_15
0 4 a_15
2 4 n_16
3 4 id_16
0 4 a_16
1 4 adag_16
1 4 adag_17
3 4 id_17
0 4 a_17
2 4 n_17
2 4 n_18
3 4 id_18
0 4 a_18
1 4 adag_18
1 4 adag_19
3 4 id_19
0 4 a_19
2 4 n_19
2 4 n_20
1 4 adag_20
3 4 id_20
0 4 a_20
2 4 n_21
1 4 adag_21
3 4 id_21
0 4 a_21
3 4 id_22
0 4 a_22
2 4 n_22
1 4 adag_22
2 4 n_23
1 4 adag_23
3 4 id_23
0 4 a_23
3 4 id_24
0 4 a_24
2 4 n_24
1 4 adag_24
2 4 n_25
1 4 adag_25
3 4 id_25
0 4 a_25
2 4 n_26
1 4 adag_26
3 4 id_26
0 4 a_26
3 4 id_27
0 4 a_27
1 4 adag_27
2 4 n_27
2 4 n_28
1 4 adag_28
3 4 id_28
0 4 a_28
3 4 id_29
0 4 a_29
1 4 adag_29
2 4 n_29
3 4 id_30
0 4 a_30
2 4 n_30
1 4 adag_30
2 4 n_31
1 4 adag_31
3 4 id_31
0 4 a_31
3 4 id_32
0 4 a_32
1 4 adag_32
2 4 n_32
3 4 id_33
0 4 a_33
2 4 n_33
1 4 adag_33
1 4 adag_34
3 4 id_34
0 4 a_34
2 4 n_34
2 4 n_35
1 4 adag_35
3 4 id_35
0 4 a_35
2 4 n_36
1 4 adag_36
3 4 id_36
0 4 a_36
1 4 adag_37
3 4 id_37
0 4 a_37
2 4 n_37
2 4 n_38
1 4 adag_38
3 4 id_38
0 4 a_38
1 4 adag_39
2 4 n_39
3 4 id_39
0 4 a_39
3 4 id_40
0 4 a_40
2 4 n_40
1 4 adag_40
3 4 id_41
0 4 a_41
1 4 adag_41
2 4 n_41
1 4 adag_42
3 4 id_42
0 4 a_42
2 4 n_42
3 4 id_43
0 4 a_43
1 4 adag_43
2 4 n_43
2 4 n_44
3 4 id_44
0 4 a_44
1 4 adag_44
3 4 id_45
0 4 a_45
2 4 n_45
1 4 adag_45
3 4 id_46
0 4 a_46
2 4 n_46
1 4 adag_46
identity index 0 46
1 2 3 4 5 6 7 8 9 10 11 12 13 14 15 16 17 18 19 20 21 22 23 24 25 26 27 28 29 30 31 32 33 34 35 36 37 38 39 40 41 42 43 44 45 46 47 48 49 50 51 52 53 54 55 56 57 58 59 60 61 62 64 65 66 67 68 69 70 71 72 73 74 75 76 77 78 79 80 81 82 83 84 85 86 87 88 89 90 92 93 94 95 96 97 98 99 100 101 102 103 104 105 106 107 108 109 110 111 112 113 114 115 116 117 118 119 120 121 122 123 124 125 126 127 128 129 130 131 132 133 134 135 136 137 138 
91 
63 
0 
identity index 0 45
0 2 3 4 5 6 8 9 10 11 12 13 14 15 16 17 18 19 20 21 22 23 24 25 26 27 28 29 30 31 32 33 34 35 36 37 38 39 40 41 42 43 45 46 47 48 49 50 51 52 53 54 55 56 57 58 59 60 61 62 63 64 65 66 67 68 69 70 71 72 73 74 75 76 77 78 79 80 81 82 83 84 85 86 87 88 89 90 91 92 93 94 95 96 97 98 99 100 101 102 103 104 105 106 107 108 109 110 111 112 113 114 115 116 117 118 119 120 121 122 123 124 125 126 127 128 129 130 131 132 133 134 135 136 137 138 
44 
7 
1 
identity index 1 44
117 
0 1 3 4 5 6 7 8 9 10 11 12 13 14 15 16 17 18 19 20 21 22 23 24 25 26 27 28 29 30 31 32 33 34 35 36 37 38 39 40 41 42 43 44 45 46 47 48 49 50 51 52 53 54 55 56 57 58 59 60 61 62 63 64 65 66 67 68 69 70 71 72 73 74 75 76 77 78 79 80 81 82 83 84 85 86 87 88 89 90 91 92 93 94 95 96 97 98 99 100 101 102 103 104 105 106 107 108 109 111 112 113 114 115 116 118 119 120 121 122 123 124 125 126 127 128 129 130 131 132 133 134 135 136 137 138 
110 
2 
identity index 0 43
0 1 2 5 6 7 8 9 10 11 12 13 14 15 16 17 18 19 20 21 22 23 24 25 26 27 28 29 30 31 32 33 34 35 36 37 38 39 40 41 42 43 44 45 47 48 49 50 51 52 53 54 55 56 57 58 59 60 61 62 63 64 65 66 67 68 69 70 71 72 73 74 75 76 77 78 79 80 81 82 83 84 85 86 87 88 89 90 91 92 93 94 95 96 97 98 99 100 101 102 103 104 105 106 107 108 109 110 111 112 113 114 115 116 117 118 119 120 121 122 123 124 125 126 127 128 129 130 131 132 133 134 135 136 137 138 
46 
4 
3 
identity index 1 42
138 
0 1 2 3 4 5 6 7 8 9 10 11 12 13 14 15 16 17 18 19 20 21 22 23 24 25 26 27 28 29 30 31 32 33 34 35 36 37 38 39 40 41 42 43 44 45 46 47 48 49 50 51 52 53 54 55 56 57 58 59 60 61 62 63 64 65 66 67 68 69 70 71 72 73 74 75 76 77 78 79 80 81 82 83 84 85 86 87 88 89 90 91 92 93 94 95 96 97 98 99 100 101 102 103 104 106 107 108 109 110 111 112 113 114 115 116 117 118 119 120 121 122 123 124 125 126 127 128 129 130 131 132 133 134 135 136 
137 
105 
identity index 0 41
0 1 2 3 4 5 6 7 8 9 11 12 13 14 15 16 17 18 19 20 21 22 23 24 25 26 27 28 29 30 31 32 33 34 35 36 37 38 39 40 41 42 43 44 45 46 47 48 49 50 51 52 53 54 55 56 57 58 59 60 61 62 63 64 65 66 67 69 70 71 72 73 74 75 76 77 78 79 80 81 82 83 84 85 86 87 88 89 90 91 92 93 94 95 96 97 98 99 100 101 102 103 104 105 106 107 108 109 110 111 112 113 114 115 116 117 118 119 120 121 122 123 124 125 126 127 128 129 130 131 132 133 134 136 137 138 
135 
68 
10 
identity index 0 40
0 1 2 3 4 5 6 7 8 9 10 11 12 13 14 15 16 17 18 19 20 21 22 23 24 25 26 27 28 29 30 31 32 33 34 35 36 37 38 39 40 41 42 43 44 45 46 47 48 49 50 51 52 53 54 55 56 57 58 59 60 61 62 63 64 65 66 67 68 69 70 71 72 73 74 75 76 77 78 79 80 81 82 83 84 85 86 87 88 89 90 91 92 93 94 95 96 97 98 99 100 101 102 103 104 105 106 107 108 109 110 111 112 113 114 115 117 118 119 120 121 122 123 124 125 126 127 128 129 130 132 133 135 136 137 138 
134 
131 
116 
identity index 2 39
132 
52 
0 1 2 3 4 5 6 7 8 9 10 11 12 13 14 15 16 17 18 19 21 22 23 24 25 26 27 28 29 30 31 32 33 34 35 36 37 38 39 40 41 42 43 44 45 46 47 48 49 50 51 53 54 55 56 57 58 59 60 61 62 63 64 65 66 67 68 69 70 71 72 73 74 75 76 77 78 79 80 81 82 83 84 85 86 87 88 89 90 91 92 93 94 95 96 97 98 99 100 101 102 103 104 105 106 107 108 109 110 111 112 113 114 115 116 117 118 119 120 121 122 123 124 125 126 127 128 129 130 131 133 134 135 136 137 138 
20 
identity index 2 38
130 
129 
0 1 2 3 4 5 6 7 8 9 10 11 12 13 14 15 16 17 18 19 20 21 22 23 24 25 26 27 28 29 30 31 32 33 34 35 36 37 38 39 40 41 42 43 44 45 46 47 48 49 50 51 52 53 54 55 56 57 59 60 61 62 63 64 65 66 67 68 69 70 71 72 73 74 75 76 77 78 79 80 81 82 83 84 85 86 87 88 89 90 91 92 93 94 95 96 97 98 99 100 101 102 103 104 105 106 107 108 109 110 111 112 113 114 115 116 117 118 119 120 121 122 123 124 125 126 127 128 131 132 133 134 135 136 137 138 
58 
identity index 1 37
127 
0 1 2 3 4 5 6 7 8 9 10 11 12 13 14 15 16 17 18 19 20 21 22 23 24 25 26 27 28 29 30 31 32 33 34 35 36 37 38 39 40 41 42 43 44 45 46 47 48 49 50 51 52 53 54 55 56 57 58 59 60 61 62 63 64 65 66 67 68 69 70 71 72 73 74 75 76 77 78 79 80 81 82 83 84 85 86 87 88 89 90 91 92 93 94 95 96 97 98 99 100 101 102 104 105 106 107 108 109 110 111 112 113 114 115 116 117 118 119 120 121 122 123 124 126 128 129 130 131 132 133 134 135 136 137 138 
125 
103 
identity index 2 36
123 
122 
0 1 2 3 4 5 6 7 8 9 10 11 12 13 14 15 16 17 18 19 20 21 22 23 24 25 26 27 28 29 30 31 32 33 34 35 36 37 38 39 40 41 42 43 44 45 46 47 48 49 50 51 52 53 54 55 56 57 58 59 60 61 62 63 64 65 66 67 68 69 70 71 72 73 74 75 76 77 78 79 80 81 82 83 84 85 86 87 88 89 90 91 92 93 94 95 96 97 98 99 100 101 102 103 104 105 106 107 108 109 110 111 112 113 114 115 116 117 118 119 120 124 125 126 127 128 129 130 131 132 133 134 135 136 137 138 
121 
identity index 2 35
90 
80 
0 1 2 3 4 5 6 7 8 9 10 11 12 13 14 15 16 17 18 19 20 21 22 23 24 25 26 27 28 29 30 31 32 33 34 35 36 37 38 39 40 41 42 43 44 45 46 48 49 50 51 52 53 54 55 56 57 58 59 60 61 62 63 64 65 66 67 68 69 70 71 72 73 74 75 76 77 78 79 81 82 83 84 85 86 87 88 89 91 92 93 94 95 96 97 98 99 100 101 102 103 104 105 106 107 108 109 110 111 112 113 114 115 116 117 118 119 120 121 122 123 124 125 126 127 128 129 130 131 132 133 134 135 136 137 138 
47 
identity index 1 34
120 
0 1 2 3 4 5 6 7 8 9 10 11 12 13 14 15 16 17 18 19 20 21 22 23 24 25 26 27 28 29 30 31 32 33 34 35 36 37 38 39 40 41 42 43 44 45 46 47 48 49 50 51 52 53 55 56 57 58 59 60 61 62 63 64 65 66 67 68 69 70 71 72 73 74 75 76 77 78 79 80 81 82 83 84 85 86 87 88 89 90 91 92 93 94 95 96 97 98 99 100 101 102 103 104 105 106 107 108 109 110 111 112 113 114 115 116 117 118 121 122 123 124 125 126 127 128 129 130 131 132 133 134 135 136 137 138 
119 
54 
identity index 0 33
0 1 2 3 4 5 6 7 8 9 10 11 12 13 14 15 16 17 18 19 20 21 22 23 24 25 26 27 28 29 30 31 32 33 34 35 36 37 38 39 40 41 42 43 44 45 46 47 48 49 50 51 52 53 54 55 56 57 58 59 60 61 62 63 64 65 66 67 68 69 70 71 72 73 74 75 76 77 78 79 80 81 82 83 84 85 86 87 88 89 90 91 92 93 94 95 96 97 98 99 100 101 102 103 104 105 106 107 108 109 110 111 112 113 114 116 117 119 120 121 122 123 124 125 126 127 128 129 130 131 132 134 135 136 137 138 
133 
118 
115 
identity index 0 32
0 1 2 3 4 5 6 7 8 9 10 11 12 13 14 15 16 17 18 19 20 21 22 23 24 25 26 27 28 29 30 31 32 33 34 35 36 37 38 39 40 41 42 43 44 45 46 47 48 49 50 51 52 53 54 55 56 58 59 60 61 62 63 64 65 66 67 68 69 70 71 72 73 74 75 76 77 78 79 80 81 82 83 84 85 86 87 88 89 90 91 92 93 94 95 96 97 98 99 100 101 102 103 104 105 106 107 108 109 110 111 113 115 116 117 118 119 120 121 122 123 124 125 126 127 128 129 130 131 132 133 134 135 136 137 138 
114 
112 
57 
identity index 2 31
113 
109 
0 1 2 3 4 5 6 7 8 9 10 11 12 13 14 15 16 17 18 19 20 21 22 23 24 25 26 27 28 29 30 31 32 33 34 35 36 37 38 39 40 41 42 43 44 45 46 47 48 49 50 51 52 53 54 55 56 57 58 59 60 61 62 63 64 65 66 67 68 69 70 71 72 73 74 75 76 78 79 80 81 82 83 84 85 86 87 88 89 90 91 92 93 94 95 96 97 98 99 100 101 102 103 104 105 106 107 108 110 111 112 114 115 116 117 118 119 120 121 122 123 124 125 126 127 128 129 130 131 132 133 134 135 136 137 138 
77 
identity index 0 30
0 1 2 3 4 5 7 8 9 10 11 12 13 14 15 16 17 18 19 20 21 22 23 24 25 26 27 28 29 30 31 32 33 34 35 36 37 38 39 40 41 42 43 44 45 46 47 48 49 51 52 53 54 55 56 57 58 59 60 61 62 63 64 65 66 67 68 69 70 71 72 73 74 75 76 77 78 79 80 81 82 83 84 85 86 87 88 89 90 91 92 93 94 96 97 98 99 100 101 102 103 104 105 106 107 108 109 110 111 112 113 114 115 116 117 118 119 120 121 122 123 124 125 126 127 128 129 130 131 132 133 134 135 136 137 138 
95 
50 
6 
identity index 0 29
0 1 2 3 4 5 6 7 8 9 10 11 12 13 14 15 16 17 18 19 20 21 22 23 24 25 26 27 28 29 30 31 32 33 34 35 36 37 38 39 40 41 42 43 44 45 46 47 48 49 50 51 52 53 54 55 56 57 58 59 61 62 63 65 66 67 68 69 70 71 72 73 74 75 76 77 78 79 80 81 82 83 84 85 86 87 88 89 90 91 92 93 94 95 96 98 99 100 101 102 103 104 105 106 107 108 109 110 111 112 113 114 115 116 117 118 119 120 121 122 123 124 125 126 127 128 129 130 131 132 133 134 135 136 137 138 
97 
64 
60 
identity index 2 28
107 
106 
0 1 2 3 4 5 6 7 8 9 10 11 12 13 14 15 16 17 18 19 20 21 22 23 24 25 26 27 28 29 30 31 32 33 34 35 36 37 38 39 40 42 43 44 45 46 47 48 49 50 51 52 53 54 55 56 57 58 59 60 61 62 63 64 65 66 67 68 69 70 71 72 73 74 75 76 77 78 79 80 81 82 83 84 85 86 87 88 89 90 91 92 93 94 95 96 97 98 99 100 101 102 103 104 105 108 109 110 111 112 113 114 115 116 117 118 119 120 121 122 123 124 125 126 127 128 129 130 131 132 133 134 135 136 137 138 
41 
identity index 0 27
0 1 2 3 4 5 6 7 8 10 11 12 14 15 16 17 18 19 20 21 22 23 24 25 26 27 28 29 30 31 32 33 34 35 36 37 38 39 40 41 42 43 44 45 46 47 48 49 50 51 52 53 54 55 56 57 58 59 60 61 62 63 64 65 66 67 68 69 70 71 73 74 75 76 77 78 79 80 81 82 83 84 85 86 87 88 89 90 91 92 93 94 95 96 97 98 99 100 101 102 103 104 105 106 107 108 109 110 111 112 113 114 115 116 117 118 119 120 121 122 123 124 125 126 127 128 129 130 131 132 133 134 135 136 137 138 
72 
13 
9 
identity index 2 26
104 
102 
0 1 2 3 4 5 6 7 8 9 10 11 12 13 14 15 16 17 18 19 20 21 22 23 24 25 26 27 28 29 30 31 32 33 34 35 36 37 38 39 40 41 42 43 44 45 46 47 48 49 50 51 52 53 54 55 56 57 58 59 60 61 62 63 64 65 66 67 68 69 70 71 72 73 74 75 76 77 78 79 80 81 82 83 84 85 86 87 88 89 90 91 92 93 94 95 96 97 98 99 100 103 105 106 107 108 109 110 111 112 113 114 115 116 117 118 119 120 121 122 123 124 125 126 127 128 129 130 131 132 133 134 135 136 137 138 
101 
identity index 2 25
100 
99 
0 1 2 3 4 5 6 7 8 9 10 11 12 13 14 15 16 17 18 19 20 21 22 23 24 25 26 27 28 29 30 31 32 33 34 35 36 38 39 40 41 42 43 44 45 46 47 48 49 50 51 52 53 54 55 56 57 58 59 60 61 62 63 64 65 66 67 68 69 70 71 72 73 74 75 76 77 78 79 80 81 82 83 84 85 86 87 88 89 90 91 92 93 94 95 96 97 98 101 102 103 104 105 106 107 108 109 110 111 112 113 114 115 116 117 118 119 120 121 122 123 124 125 126 127 128 129 130 131 132 133 134 135 136 137 138 
37 
identity index 0 24
0 1 2 3 4 5 6 7 8 9 10 11 12 13 14 15 16 17 18 19 20 21 22 23 24 25 26 27 28 29 30 31 32 33 34 35 36 37 38 39 41 42 43 44 45 46 47 48 49 50 51 52 53 54 55 56 57 58 59 60 61 62 63 64 65 66 68 69 70 71 72 73 74 75 76 77 78 79 80 81 82 83 84 85 86 87 88 90 91 92 93 94 95 96 97 98 99 100 101 102 103 104 105 106 107 108 109 110 111 112 113 114 115 116 117 118 119 120 121 122 123 124 125 126 127 128 129 130 131 132 133 134 135 136 137 138 
89 
67 
40 
identity index 2 23
98 
96 
0 1 2 3 4 5 6 7 8 9 10 11 12 13 14 15 16 17 18 19 20 21 22 23 24 25 26 27 28 29 30 31 32 33 34 35 36 37 38 39 40 41 42 43 44 45 46 47 48 49 50 51 52 53 54 55 56 57 58 59 60 61 62 63 64 65 66 67 68 69 71 72 73 74 75 76 77 78 79 80 81 82 83 84 85 86 87 88 89 90 91 92 93 94 95 97 99 100 101 102 103 104 105 106 107 108 109 110 111 112 113 114 115 116 117 118 119 120 121 122 123 124 125 126 127 128 129 130 131 132 133 134 135 136 137 138 
70 
identity index 0 22
0 1 2 3 4 5 6 7 8 9 10 11 12 13 14 15 16 17 18 19 20 21 22 23 24 25 26 27 28 29 30 31 32 33 34 35 36 37 38 39 40 41 42 43 44 45 46 47 48 49 50 51 52 53 54 55 56 57 58 59 60 61 62 63 64 65 66 67 68 69 70 71 72 73 74 75 76 77 78 79 80 81 82 83 84 86 87 88 89 90 91 92 94 95 96 97 98 99 100 101 102 103 104 105 106 107 108 109 110 111 112 113 114 115 116 117 118 119 120 121 122 123 124 125 126 127 129 130 131 132 133 134 135 136 137 138 
128 
93 
85 
identity index 2 21
88 
87 
0 1 2 3 4 5 6 7 8 9 10 11 12 13 14 15 16 17 18 19 20 21 22 23 24 25 26 27 28 29 30 31 32 33 34 35 36 37 38 39 40 41 42 43 44 45 46 47 48 49 50 51 52 53 54 55 56 57 58 59 60 61 62 63 64 65 66 67 68 69 70 71 72 73 74 75 76 77 78 79 80 81 82 83 84 85 89 90 91 92 93 94 95 96 97 98 99 100 101 102 103 104 105 106 107 108 109 110 111 112 113 114 115 116 117 118 119 120 121 122 123 124 125 126 127 128 129 130 131 132 133 134 135 136 137 138 
86 
identity index 2 20
111 
84 
0 1 2 3 4 5 6 7 8 9 10 11 12 13 14 15 17 18 19 20 21 22 23 24 25 26 27 28 29 30 31 32 33 34 35 36 37 38 39 40 41 42 43 44 45 46 47 48 49 50 51 52 53 54 55 56 57 58 59 60 61 62 63 64 65 66 67 68 69 70 71 72 73 74 75 76 77 78 79 80 81 82 83 85 86 87 88 89 90 91 92 93 94 95 96 97 98 99 100 101 102 103 104 105 106 107 108 109 110 112 113 114 115 116 117 118 119 120 121 122 123 124 125 126 127 128 129 130 131 132 133 134 135 136 137 138 
16 
identity index 1 19
30 
0 1 2 3 4 5 6 7 9 10 12 13 14 15 16 17 18 19 20 21 22 23 24 25 26 27 28 29 31 32 33 34 35 36 37 38 39 40 41 42 43 44 45 46 47 48 49 50 51 52 53 54 55 56 57 58 59 60 61 62 63 64 65 66 67 68 69 70 71 72 73 74 75 76 77 78 79 80 81 82 83 84 85 86 87 88 89 90 91 92 93 94 95 96 97 98 99 100 101 102 103 104 105 106 107 108 109 110 111 112 113 114 115 116 117 118 119 120 121 122 123 124 125 126 127 128 129 130 131 132 133 134 135 136 137 138 
11 
8 
identity index 1 18
71 
0 1 2 3 4 5 6 7 8 9 10 11 12 13 15 16 18 19 20 21 22 23 24 25 26 27 28 29 30 31 32 33 34 35 36 37 38 39 40 41 42 43 44 45 46 47 48 49 50 51 52 53 54 55 56 57 58 59 60 61 62 63 64 65 66 67 68 69 70 72 73 74 75 76 77 78 79 80 81 82 83 84 85 86 87 88 89 90 91 92 93 94 95 96 97 98 99 100 101 102 103 104 105 106 107 108 109 110 111 112 113 114 115 116 117 118 119 120 121 122 123 124 125 126 127 128 129 130 131 132 133 134 135 136 137 138 
17 
14 
identity index 1 17
73 
0 1 2 3 4 5 6 7 8 9 10 11 12 13 14 15 16 17 19 20 21 22 23 24 25 26 27 28 29 30 31 32 33 34 35 36 37 38 39 40 41 42 43 44 45 46 47 48 49 50 51 52 53 54 55 56 57 58 59 60 62 63 64 65 66 67 68 69 70 71 72 74 75 76 77 78 79 80 81 82 83 84 85 86 87 88 89 90 91 92 93 94 95 96 97 98 99 100 101 102 103 104 105 106 107 108 109 110 111 112 113 114 115 116 117 118 119 120 121 122 123 124 125 126 127 128 129 130 131 132 133 134 135 136 137 138 
61 
18 
identity index 1 16
78 
0 1 2 3 4 5 6 7 8 9 10 11 12 13 14 16 17 18 20 21 22 23 24 25 26 27 28 29 30 31 32 33 34 35 36 37 38 39 40 41 42 43 44 45 46 47 48 49 50 51 52 53 54 55 56 57 58 59 60 61 62 63 64 65 66 67 68 69 70 71 72 73 74 75 76 77 79 80 81 82 83 84 85 86 87 88 89 90 91 92 93 94 95 96 97 98 99 100 101 102 103 104 105 106 107 108 109 110 111 112 113 114 115 116 117 118 119 120 121 122 123 124 125 126 127 128 129 130 131 132 133 134 135 136 137 138 
19 
15 
identity index 2 15
81 
39 
0 1 2 3 4 5 6 7 8 9 10 11 12 13 14 15 16 17 18 19 20 21 22 24 25 26 27 28 29 30 31 32 33 34 35 36 37 38 40 41 42 43 44 45 46 47 48 49 50 51 52 53 54 55 56 57 58 59 60 61 62 63 64 65 66 67 68 69 70 71 72 73 74 75 76 77 78 79 80 82 83 84 85 86 87 88 89 90 91 92 93 94 95 96 97 98 99 100 101 102 103 104 105 106 107 108 109 110 111 112 113 114 115 116 117 118 119 120 121 122 123 124 125 126 127 128 129 130 131 132 133 134 135 136 137 138 
23 
identity index 1 14
82 
0 1 2 3 4 5 6 7 8 9 10 11 12 13 14 15 16 17 18 19 20 21 22 23 24 26 27 28 29 30 31 33 34 35 36 37 38 39 40 41 42 43 44 45 46 47 48 49 50 51 52 53 54 55 56 57 58 59 60 61 62 63 64 65 66 67 68 69 70 71 72 73 74 75 76 77 78 79 80 81 83 84 85 86 87 88 89 90 91 92 93 94 95 96 97 98 99 100 101 102 103 104 105 106 107 108 109 110 111 112 113 114 115 116 117 118 119 120 121 122 123 124 125 126 127 128 129 130 131 132 133 134 135 136 137 138 
32 
25 
identity index 1 13
45 
0 1 2 3 4 5 6 7 8 9 10 11 12 13 14 15 16 17 18 19 20 21 22 23 25 26 27 29 30 31 32 33 34 35 36 37 38 39 40 41 42 43 44 46 47 48 49 50 51 52 53 54 55 56 57 58 59 60 61 62 63 64 65 66 67 68 69 70 71 72 73 74 75 76 77 78 79 80 81 82 83 84 85 86 87 88 89 90 91 92 93 94 95 96 97 98 99 100 101 102 103 104 105 106 107 108 109 110 111 112 113 114 115 116 117 118 119 120 121 122 123 124 125 126 127 128 129 130 131 132 133 134 135 136 137 138 
28 
24 
identity index 2 12
108 
53 
0 1 2 3 4 5 6 7 8 9 10 11 12 13 14 15 16 17 18 19 20 21 22 23 24 25 27 28 29 30 31 32 33 34 35 36 37 38 39 40 41 42 43 44 45 46 47 48 49 50 51 52 54 55 56 57 58 59 60 61 62 63 64 65 66 67 68 69 70 71 72 73 74 75 76 77 78 79 80 81 82 83 84 85 86 87 88 89 90 91 92 93 94 95 96 97 98 99 100 101 102 103 104 105 106 107 109 110 111 112 113 114 115 116 117 118 119 120 121 122 123 124 125 126 127 128 129 130 131 132 133 134 135 136 137 138 
26 
identity index 0 11
0 1 2 3 4 5 6 7 8 9 10 11 12 13 14 15 16 17 18 19 20 21 22 23 24 25 26 28 29 30 31 32 33 34 35 37 38 39 40 41 42 43 44 45 46 47 48 49 50 51 52 53 54 55 56 57 58 59 60 61 62 63 64 65 66 67 68 69 70 71 72 73 74 75 77 78 79 80 81 82 83 84 85 86 87 88 89 90 91 92 93 94 95 96 97 98 99 100 101 102 103 104 105 106 107 108 109 110 111 112 113 114 115 116 117 118 119 120 121 122 123 124 125 126 127 128 129 130 131 132 133 134 135 136 137 138 
76 
36 
27 
identity index 0 10
0 1 2 3 4 5 6 7 8 9 10 11 12 13 14 15 16 17 18 19 20 21 22 23 24 25 26 27 28 30 31 32 33 34 35 36 37 38 39 40 41 42 43 44 45 46 47 48 50 51 52 53 54 55 56 57 58 59 60 61 62 63 64 65 66 67 68 69 70 71 72 73 74 76 77 78 79 80 81 82 83 84 85 86 87 88 89 90 91 92 93 94 95 96 97 98 99 100 101 102 103 104 105 106 107 108 109 110 111 112 113 114 115 116 117 118 119 120 121 122 123 124 125 126 127 128 129 130 131 132 133 134 135 136 137 138 
75 
49 
29 
identity index 0 9
0 1 2 3 4 5 6 7 8 9 10 11 12 13 14 15 16 17 18 19 20 21 22 23 24 25 26 27 28 29 30 31 32 33 34 36 37 38 39 40 41 42 43 44 45 46 47 48 49 50 51 52 53 54 55 57 58 59 60 61 62 63 64 65 66 67 68 69 70 71 72 73 74 75 76 77 78 79 80 81 82 83 84 85 86 87 88 89 90 91 92 93 95 96 97 98 99 100 101 102 103 104 105 106 107 108 109 110 111 112 113 114 115 116 117 118 119 120 121 122 123 124 125 126 127 128 129 130 131 132 133 134 135 136 137 138 
94 
56 
35 
identity index 1 8
79 
0 1 2 3 4 6 7 8 9 10 11 12 13 14 15 16 17 18 19 20 21 22 23 24 25 26 27 28 29 30 31 32 33 34 35 36 37 38 39 40 41 42 43 44 45 46 47 48 49 50 51 52 53 54 55 56 57 58 59 60 61 62 63 64 65 66 67 68 70 71 72 73 74 75 76 77 78 80 81 82 83 84 85 86 87 88 89 90 91 92 93 94 95 96 97 98 99 100 101 102 103 104 105 106 107 108 109 110 111 112 113 114 115 116 117 118 119 120 121 122 123 124 125 126 127 128 129 130 131 132 133 134 135 136 137 138 
69 
5 
identity index 2 7
65 
33 
0 1 2 3 4 5 6 7 8 9 10 11 13 14 15 16 17 18 19 20 21 22 23 24 25 26 27 28 29 30 31 32 34 35 36 37 38 39 40 41 42 43 44 45 46 47 48 49 50 51 52 53 54 55 56 57 58 59 60 61 62 63 64 66 67 68 69 70 71 72 73 74 75 76 77 78 79 80 81 82 83 84 85 86 87 88 89 90 91 92 93 94 95 96 97 98 99 100 101 102 103 104 105 106 107 108 109 110 111 112 113 114 115 116 117 118 119 120 121 122 123 124 125 126 127 128 129 130 131 132 133 134 135 136 137 138 
12 
identity index 2 6
126 
74 
0 1 2 3 4 5 6 7 8 9 10 11 12 13 14 15 16 17 18 19 20 21 22 23 24 25 26 27 28 29 30 31 32 33 34 35 36 37 38 39 40 41 42 43 44 45 46 47 48 49 50 52 53 54 55 56 57 58 59 60 61 62 63 64 65 66 67 68 69 70 71 72 73 75 76 77 78 79 80 81 82 83 84 85 86 87 88 89 90 91 92 93 94 95 96 97 98 99 100 101 102 103 104 105 106 107 108 109 110 111 112 113 114 115 116 117 118 119 120 121 122 123 124 125 127 128 129 130 131 132 133 134 135 136 137 138 
51 
identity index 0 5
0 1 2 3 4 5 6 7 8 9 10 11 12 13 14 15 16 17 18 19 20 21 22 23 24 25 26 27 28 29 30 31 32 33 34 35 36 37 38 39 40 41 42 43 44 45 46 47 48 49 50 51 52 53 54 55 56 57 58 59 60 61 62 63 64 65 67 68 69 70 71 72 73 74 75 76 77 78 79 80 81 82 83 84 85 86 87 88 89 90 91 93 94 95 96 97 98 99 100 101 102 103 104 105 106 107 108 109 110 111 112 113 114 115 116 117 118 119 120 121 122 123 124 125 126 127 128 129 130 131 132 133 134 135 137 138 
136 
92 
66 
identity index 1 4
42 
0 1 2 3 4 5 6 7 8 9 10 11 12 13 14 15 16 17 18 19 20 21 22 23 24 25 26 27 28 29 30 32 33 35 36 37 38 39 40 41 43 44 45 46 47 48 49 50 51 52 53 54 55 56 57 58 59 60 61 62 63 64 65 66 67 68 69 70 71 72 73 74 75 76 77 78 79 80 81 82 83 84 85 86 87 88 89 90 91 92 93 94 95 96 97 98 99 100 101 102 103 104 105 106 107 108 109 110 111 112 113 114 115 116 117 118 119 120 121 122 123 124 125 126 127 128 129 130 131 132 133 134 135 136 137 138 
34 
31 
identity index 2 3
83 
22 
0 1 2 3 4 5 6 7 8 9 10 11 12 13 14 15 16 17 18 19 20 23 24 25 26 27 28 29 30 31 32 33 34 35 36 37 38 39 40 41 42 43 44 45 46 47 48 49 50 51 52 53 54 55 56 57 58 59 60 61 62 63 64 65 66 67 68 69 70 71 72 73 74 75 76 77 78 79 80 81 82 84 85 86 87 88 89 90 91 92 93 94 95 96 97 98 99 100 101 102 103 104 105 106 107 108 109 110 111 112 113 114 115 116 117 118 119 120 121 122 123 124 125 126 127 128 129 130 131 132 133 134 135 136 137 138 
21 
identity index 0 2
0 1 2 3 4 5 6 7 8 9 10 11 12 13 14 15 16 17 18 19 20 21 22 23 24 25 26 27 28 29 30 31 32 33 34 35 36 37 39 40 41 42 44 45 46 47 48 49 50 51 52 53 54 55 56 57 58 59 60 61 63 64 65 66 67 68 69 70 71 72 73 74 75 76 77 78 79 80 81 82 83 84 85 86 87 88 89 90 91 92 93 94 95 96 97 98 99 100 101 102 103 104 105 106 107 108 109 110 111 112 113 114 115 116 117 118 119 120 121 122 123 124 125 126 127 128 129 130 131 132 133 134 135 136 137 138 
62 
43 
38 
identity index 1 1
124 
0 1 2 3 4 5 6 7 8 9 10 11 12 13 14 15 16 17 18 19 20 21 22 23 24 25 26 27 28 29 30 31 32 33 34 35 36 37 38 39 40 41 42 43 44 45 46 47 49 50 51 52 53 54 56 57 58 59 60 61 62 63 64 65 66 67 68 69 70 71 72 73 74 75 76 77 78 79 80 81 82 83 84 85 86 87 88 89 90 91 92 93 94 95 96 97 98 99 100 101 102 103 104 105 106 107 108 109 110 111 112 113 114 115 116 117 118 119 120 121 122 123 125 126 127 128 129 130 131 132 133 134 135 136 137 138 
55 
48 
identity index 0 0
3 5 7 8 9 10 18 22 24 25 27 29 31 33 38 39 50 52 53 54 56 57 60 63 66 67 71 74 78 88 90 93 98 100 103 104 105 107 111 113 117 118 123 124 130 131 
11 12 16 17 19 20 21 23 26 28 32 34 37 41 44 46 47 51 55 58 61 62 69 70 72 75 76 77 86 89 91 94 95 97 101 110 114 119 121 125 128 133 134 135 136 137 
1 4 13 30 35 36 45 48 64 65 68 73 80 81 83 87 92 96 99 109 115 127 132 
59 
0 2 6 14 15 40 42 43 49 79 82 84 85 102 106 108 112 116 120 122 126 129 138 
4 5 id_0
4 5 id_0
id_0
3 5 7 8 9 10 18 22 24 25 27 29 31 33 38 39 50 52 53 54 56 57 60 63 66 67 71 74 78 88 90 93 98 100 103 104 105 107 111 113 117 118 123 124 130 131 
1 5 sp_0
1 5 sp_0
sp_0
11 12 16 17 19 20 21 23 26 28 32 34 37 41 44 46 47 51 55 58 61 62 69 70 72 75 76 77 86 89 91 94 95 97 101 110 114 119 121 125 128 133 134 135 136 137 
2 5 sm_f_0
2 5 sm_f_0
sm_f_0
1 4 13 30 35 36 45 48 64 65 68 73 80 81 83 87 92 96 99 109 115 127 132 
0 5 lsys_0
0 5 lsys_0
lsys_0
59 
3 5 sm_b_0
3 5 sm_b_0
sm_b_0
0 2 6 14 15 40 42 43 49 79 82 84 85 102 106 108 112 116 120 122 126 129 138 
2 4 n_1
2 4 n_1
n_1
124 
3 4 id_1
3 4 id_1
id_1
0 1 2 3 4 5 6 7 8 9 10 11 12 13 14 15 16 17 18 19 20 21 22 23 24 25 26 27 28 29 30 31 32 33 34 35 36 37 38 39 40 41 42 43 44 45 46 47 49 50 51 52 53 54 56 57 58 59 60 61 62 63 64 65 66 67 68 69 70 71 72 73 74 75 76 77 78 79 80 81 82 83 84 85 86 87 88 89 90 91 92 93 94 95 96 97 98 99 100 101 102 103 104 105 106 107 108 109 110 111 112 113 114 115 116 117 118 119 120 121 122 123 125 126 127 128 129 130 131 132 133 134 135 136 137 138 
0 4 a_1
0 4 a_1
a_1
55 
1 4 adag_1
1 4 adag_1
adag_1
48 
3 4 id_2
3 4 id_2
id_2
0 1 2 3 4 5 6 7 8 9 10 11 12 13 14 15 16 17 18 19 20 21 22 23 24 25 26 27 28 29 30 31 32 33 34 35 36 37 39 40 41 42 44 45 46 47 48 49 50 51 52 53 54 55 56 57 58 59 60 61 63 64 65 66 67 68 69 70 71 72 73 74 75 76 77 78 79 80 81 82 83 84 85 86 87 88 89 90 91 92 93 94 95 96 97 98 99 100 101 102 103 104 105 106 107 108 109 110 111 112 113 114 115 116 117 118 119 120 121 122 123 124 125 126 127 128 129 130 131 132 133 134 135 136 137 138 
0 4 a_2
0 4 a_2
a_2
62 
1 4 adag_2
1 4 adag_2
adag_2
43 
2 4 n_2
2 4 n_2
n_2
38 
1 4 adag_3
1 4 adag_3
adag_3
83 
2 4 n_3
2 4 n_3
n_3
22 
3 4 id_3
3 4 id_3
id_3
0 1 2 3 4 5 6 7 8 9 10 11 12 13 14 15 16 17 18 19 20 23 24 25 26 27 28 29 30 31 32 33 34 35 36 37 38 39 40 41 42 43 44 45 46 47 48 49 50 51 52 53 54 55 56 57 58 59 60 61 62 63 64 65 66 67 68 69 70 71 72 73 74 75 76 77 78 79 80 81 82 84 85 86 87 88 89 90 91 92 93 94 95 96 97 98 99 100 101 102 103 104 105 106 107 108 109 110 111 112 113 114 115 116 117 118 119 120 121 122 123 124 125 126 127 128 129 130 131 132 133 134 135 136 137 138 
0 4 a_3
0 4 a_3
a_3
21 
1 4 adag_4
1 4 adag_4
adag_4
42 
3 4 id_4
3 4 id_4
id_4
0 1 2 3 4 5 6 7 8 9 10 11 12 13 14 15 16 17 18 19 20 21 22 23 24 25 26 27 28 29 30 32 33 35 36 37 38 39 40 41 43 44 45 46 47 48 49 50 51 52 53 54 55 56 57 58 59 60 61 62 63 64 65 66 67 68 69 70 71 72 73 74 75 76 77 78 79 80 81 82 83 84 85 86 87 88 89 90 91 92 93 94 95 96 97 98 99 100 101 102 103 104 105 106 107 108 109 110 111 112 113 114 115 116 117 118 119 120 121 122 123 124 125 126 127 128 129 130 131 132 133 134 135 136 137 138 
0 4 a_4
0 4 a_4
a_4
34 
2 4 n_4
2 4 n_4
n_4
31 
3 4 id_5
3 4 id_5
id_5
0 1 2 3 4 5 6 7 8 9 10 11 12 13 14 15 16 17 18 19 20 21 22 23 24 25 26 27 28 29 30 31 32 33 34 35 36 37 38 39 40 41 42 43 44 45 46 47 48 49 50 51 52 53 54 55 56 57 58 59 60 61 62 63 64 65 67 68 69 70 71 72 73 74 75 76 77 78 79 80 81 82 83 84 85 86 87 88 89 90 91 93 94 95 96 97 98 99 100 101 102 103 104 105 106 107 108 109 110 111 112 113 114 115 116 117 118 119 120 121 122 123 124 125 126 127 128 129 130 131 132 133 134 135 137 138 
0 4 a_5
0 4 a_5
a_5
136 
1 4 adag_5
1 4 adag_5
adag_5
92 
2 4 n_5
2 4 n_5
n_5
66 
1 4 adag_6
1 4 adag_6
adag_6
126 
2 4 n_6
2 4 n_6
n_6
74 
3 4 id_6
3 4 id_6
id_6
0 1 2 3 4 5 6 7 8 9 10 11 12 13 14 15 16 17 18 19 20 21 22 23 24 25 26 27 28 29 30 31 32 33 34 35 36 37 38 39 40 41 42 43 44 45 46 47 48 49 50 52 53 54 55 56 57 58 59 60 61 62 63 64 65 66 67 68 69 70 71 72 73 75 76 77 78 79 80 81 82 83 84 85 86 87 88 89 90 91 92 93 94 95 96 97 98 99 100 101 102 103 104 105 106 107 108 109 110 111 112 113 114 115 116 117 118 119 120 121 122 123 124 125 127 128 129 130 131 132 133 134 135 136 137 138 
0 4 a_6
0 4 a_6
a_6
51 
1 4 adag_7
1 4 adag_7
adag_7
65 
2 4 n_7
2 4 n_7
n_7
33 
3 4 id_7
3 4 id_7
id_7
0 1 2 3 4 5 6 7 8 9 10 11 13 14 15 16 17 18 19 20 21 22 23 24 25 26 27 28 29 30 31 32 34 35 36 37 38 39 40 41 42 43 44 45 46 47 48 49 50 51 52 53 54 55 56 57 58 59 60 61 62 63 64 66 67 68 69 70 71 72 73 74 75 76 77 78 79 80 81 82 83 84 85 86 87 88 89 90 91 92 93 94 95 96 97 98 99 100 101 102 103 104 105 106 107 108 109 110 111 112 113 114 115 116 117 118 119 120 121 122 123 124 125 126 127 128 129 130 131 132 133 134 135 136 137 138 
0 4 a_7
0 4 a_7
a_7
12 
1 4 adag_8
1 4 adag_8
adag_8
79 
3 4 id_8
3 4 id_8
id_8
0 1 2 3 4 6 7 8 9 10 11 12 13 14 15 16 17 18 19 20 21 22 23 24 25 26 27 28 29 30 31 32 33 34 35 36 37 38 39 40 41 42 43 44 45 46 47 48 49 50 51 52 53 54 55 56 57 58 59 60 61 62 63 64 65 66 67 68 70 71 72 73 74 75 76 77 78 80 81 82 83 84 85 86 87 88 89 90 91 92 93 94 95 96 97 98 99 100 101 102 103 104 105 106 107 108 109 110 111 112 113 114 115 116 117 118 119 120 121 122 123 124 125 126 127 128 129 130 131 132 133 134 135 136 137 138 
0 4 a_8
0 4 a_8
a_8
69 
2 4 n_8
2 4 n_8
n_8
5 
3 4 id_9
3 4 id_9
id_9
0 1 2 3 4 5 6 7 8 9 10 11 12 13 14 15 16 17 18 19 20 21 22 23 24 25 26 27 28 29 30 31 32 33 34 36 37 38 39 40 41 42 43 44 45 46 47 48 49 50 51 52 53 54 55 57 58 59 60 61 62 63 64 65 66 67 68 69 70 71 72 73 74 75 76 77 78 79 80 81 82 83 84 85 86 87 88 89 90 91 92 93 95 96 97 98 99 100 101 102 103 104 105 106 107 108 109 110 111 112 113 114 115 116 117 118 119 120 121 122 123 124 125 126 127 128 129 130 131 132 133 134 135 136 137 138 
0 4 a_9
0 4 a_9
a_9
94 
2 4 n_9
2 4 n_9
n_9
56 
1 4 adag_9
1 4 adag_9
adag_9
35 
3 4 id_10
3 4 id_10
id_10
0 1 2 3 4 5 6 7 8 9 10 11 12 13 14 15 16 17 18 19 20 21 22 23 24 25 26 27 28 30 31 32 33 34 35 36 37 38 39 40 41 42 43 44 45 46 47 48 50 51 52 53 54 55 56 57 58 59 60 61 62 63 64 65 66 67 68 69 70 71 72 73 74 76 77 78 79 80 81 82 83 84 85 86 87 88 89 90 91 92 93 94 95 96 97 98 99 100 101 102 103 104 105 106 107 108 109 110 111 112 113 114 115 116 117 118 119 120 121 122 123 124 125 126 127 128 129 130 131 132 133 134 135 136 137 138 
0 4 a_10
0 4 a_10
a_10
75 
1 4 adag_10
1 4 adag_10
adag_10
49 
2 4 n_10
2 4 n_10
n_10
29 
3 4 id_11
3 4 id_11
id_11
0 1 2 3 4 5 6 7 8 9 10 11 12 13 14 15 16 17 18 19 20 21 22 23 24 25 26 28 29 30 31 32 33 34 35 37 38 39 40 41 42 43 44 45 46 47 48 49 50 51 52 53 54 55 56 57 58 59 60 61 62 63 64 65 66 67 68 69 70 71 72 73 74 75 77 78 79 80 81 82 83 84 85 86 87 88 89 90 91 92 93 94 95 96 97 98 99 100 101 102 103 104 105 106 107 108 109 110 111 112 113 114 115 116 117 118 119 120 121 122 123 124 125 126 127 128 129 130 131 132 133 134 135 136 137 138 
0 4 a_11
0 4 a_11
a_11
76 
1 4 adag_11
1 4 adag_11
adag_11
36 
2 4 n_11
2 4 n_11
n_11
27 
1 4 adag_12
1 4 adag_12
adag_12
108 
2 4 n_12
2 4 n_12
n_12
53 
3 4 id_12
3 4 id_12
id_12
0 1 2 3 4 5 6 7 8 9 10 11 12 13 14 15 16 17 18 19 20 21 22 23 24 25 27 28 29 30 31 32 33 34 35 36 37 38 39 40 41 42 43 44 45 46 47 48 49 50 51 52 54 55 56 57 58 59 60 61 62 63 64 65 66 67 68 69 70 71 72 73 74 75 76 77 78 79 80 81 82 83 84 85 86 87 88 89 90 91 92 93 94 95 96 97 98 99 100 101 102 103 104 105 106 107 109 110 111 112 113 114 115 116 117 118 119 120 121 122 123 124 125 126 127 128 129 130 131 132 133 134 135 136 137 138 
0 4 a_12
0 4 a_12
a_12
26 
1 4 adag_13
1 4 adag_13
adag_13
45 
3 4 id_13
3 4 id_13
id_13
0 1 2 3 4 5 6 7 8 9 10 11 12 13 14 15 16 17 18 19 20 21 22 23 25 26 27 29 30 31 32 33 34 35 36 37 38 39 40 41 42 43 44 46 47 48 49 50 51 52 53 54 55 56 57 58 59 60 61 62 63 64 65 66 67 68 69 70 71 72 73 74 75 76 77 78 79 80 81 82 83 84 85 86 87 88 89 90 91 92 93 94 95 96 97 98 99 100 101 102 103 104 105 106 107 108 109 110 111 112 113 114 115 116 117 118 119 120 121 122 123 124 125 126 127 128 129 130 131 132 133 134 135 136 137 138 
0 4 a_13
0 4 a_13
a_13
28 
2 4 n_13
2 4 n_13
n_13
24 
1 4 adag_14
1 4 adag_14
adag_14
82 
3 4 id_14
3 4 id_14
id_14
0 1 2 3 4 5 6 7 8 9 10 11 12 13 14 15 16 17 18 19 20 21 22 23 24 26 27 28 29 30 31 33 34 35 36 37 38 39 40 41 42 43 44 45 46 47 48 49 50 51 52 53 54 55 56 57 58 59 60 61 62 63 64 65 66 67 68 69 70 71 72 73 74 75 76 77 78 79 80 81 83 84 85 86 87 88 89 90 91 92 93 94 95 96 97 98 99 100 101 102 103 104 105 106 107 108 109 110 111 112 113 114 115 116 117 118 119 120 121 122 123 124 125 126 127 128 129 130 131 132 133 134 135 136 137 138 
0 4 a_14
0 4 a_14
a_14
32 
2 4 n_14
2 4 n_14
n_14
25 
1 4 adag_15
1 4 adag_15
adag_15
81 
2 4 n_15
2 4 n_15
n_15
39 
3 4 id_15
3 4 id_15
id_15
0 1 2 3 4 5 6 7 8 9 10 11 12 13 14 15 16 17 18 19 20 21 22 24 25 26 27 28 29 30 31 32 33 34 35 36 37 38 40 41 42 43 44 45 46 47 48 49 50 51 52 53 54 55 56 57 58 59 60 61 62 63 64 65 66 67 68 69 70 71 72 73 74 75 76 77 78 79 80 82 83 84 85 86 87 88 89 90 91 92 93 94 95 96 97 98 99 100 101 102 103 104 105 106 107 108 109 110 111 112 113 114 115 116 117 118 119 120 121 122 123 124 125 126 127 128 129 130 131 132 133 134 135 136 137 138 
0 4 a_15
0 4 a_15
a_15
23 
2 4 n_16
2 4 n_16
n_16
78 
3 4 id_16
3 4 id_16
id_16
0 1 2 3 4 5 6 7 8 9 10 11 12 13 14 16 17 18 20 21 22 23 24 25 26 27 28 29 30 31 32 33 34 35 36 37 38 39 40 41 42 43 44 45 46 47 48 49 50 51 52 53 54 55 56 57 58 59 60 61 62 63 64 65 66 67 68 69 70 71 72 73 74 75 76 77 79 80 81 82 83 84 85 86 87 88 89 90 91 92 93 94 95 96 97 98 99 100 101 102 103 104 105 106 107 108 109 110 111 112 113 114 115 116 117 118 119 120 121 122 123 124 125 126 127 128 129 130 131 132 133 134 135 136 137 138 
0 4 a_16
0 4 a_16
a_16
19 
1 4 adag_16
1 4 adag_16
adag_16
15 
1 4 adag_17
1 4 adag_17
adag_17
73 
3 4 id_17
3 4 id_17
id_17
0 1 2 3 4 5 6 7 8 9 10 11 12 13 14 15 16 17 19 20 21 22 23 24 25 26 27 28 29 30 31 32 33 34 35 36 37 38 39 40 41 42 43 44 45 46 47 48 49 50 51 52 53 54 55 56 57 58 59 60 62 63 64 65 66 67 68 69 70 71 72 74 75 76 77 78 79 80 81 82 83 84 85 86 87 88 89 90 91 92 93 94 95 96 97 98 99 100 101 102 103 104 105 106 107 108 109 110 111 112 113 114 115 116 117 118 119 120 121 122 123 124 125 126 127 128 129 130 131 132 133 134 135 136 137 138 
0 4 a_17
0 4 a_17
a_17
61 
2 4 n_17
2 4 n_17
n_17
18 
2 4 n_18
2 4 n_18
n_18
71 
3 4 id_18
3 4 id_18
id_18
0 1 2 3 4 5 6 7 8 9 10 11 12 13 15 16 18 19 20 21 22 23 24 25 26 27 28 29 30 31 32 33 34 35 36 37 38 39 40 41 42 43 44 45 46 47 48 49 50 51 52 53 54 55 56 57 58 59 60 61 62 63 64 65 66 67 68 69 70 72 73 74 75 76 77 78 79 80 81 82 83 84 85 86 87 88 89 90 91 92 93 94 95 96 97 98 99 100 101 102 103 104 105 106 107 108 109 110 111 112 113 114 115 116 117 118 119 120 121 122 123 124 125 126 127 128 129 130 131 132 133 134 135 136 137 138 
0 4 a_18
0 4 a_18
a_18
17 
1 4 adag_18
1 4 adag_18
adag_18
14 
1 4 adag_19
1 4 adag_19
adag_19
30 
3 4 id_19
3 4 id_19
id_19
0 1 2 3 4 5 6 7 9 10 12 13 14 15 16 17 18 19 20 21 22 23 24 25 26 27 28 29 31 32 33 34 35 36 37 38 39 40 41 42 43 44 45 46 47 48 49 50 51 52 53 54 55 56 57 58 59 60 61 62 63 64 65 66 67 68 69 70 71 72 73 74 75 76 77 78 79 80 81 82 83 84 85 86 87 88 89 90 91 92 93 94 95 96 97 98 99 100 101 102 103 104 105 106 107 108 109 110 111 112 113 114 115 116 117 118 119 120 121 122 123 124 125 126 127 128 129 130 131 132 133 134 135 136 137 138 
0 4 a_19
0 4 a_19
a_19
11 
2 4 n_19
2 4 n_19
n_19
8 
2 4 n_20
2 4 n_20
n_20
111 
1 4 adag_20
1 4 adag_20
adag_20
84 
3 4 id_20
3 4 id_20
id_20
0 1 2 3 4 5 6 7 8 9 10 11 12 13 14 15 17 18 19 20 21 22 23 24 25 26 27 28 29 30 31 32 33 34 35 36 37 38 39 40 41 42 43 44 45 46 47 48 49 50 51 52 53 54 55 56 57 58 59 60 61 62 63 64 65 66 67 68 69 70 71 72 73 74 75 76 77 78 79 80 81 82 83 85 86 87 88 89 90 91 92 93 94 95 96 97 98 99 100 101 102 103 104 105 106 107 108 109 110 112 113 114 115 116 117 118 119 120 121 122 123 124 125 126 127 128 129 130 131 132 133 134 135 136 137 138 
0 4 a_20
0 4 a_20
a_20
16 
2 4 n_21
2 4 n_21
n_21
88 
1 4 adag_21
1 4 adag_21
adag_21
87 
3 4 id_21
3 4 id_21
id_21
0 1 2 3 4 5 6 7 8 9 10 11 12 13 14 15 16 17 18 19 20 21 22 23 24 25 26 27 28 29 30 31 32 33 34 35 36 37 38 39 40 41 42 43 44 45 46 47 48 49 50 51 52 53 54 55 56 57 58 59 60 61 62 63 64 65 66 67 68 69 70 71 72 73 74 75 76 77 78 79 80 81 82 83 84 85 89 90 91 92 93 94 95 96 97 98 99 100 101 102 103 104 105 106 107 108 109 110 111 112 113 114 115 116 117 118 119 120 121 122 123 124 125 126 127 128 129 130 131 132 133 134 135 136 137 138 
0 4 a_21
0 4 a_21
a_21
86 
3 4 id_22
3 4 id_22
id_22
0 1 2 3 4 5 6 7 8 9 10 11 12 13 14 15 16 17 18 19 20 21 22 23 24 25 26 27 28 29 30 31 32 33 34 35 36 37 38 39 40 41 42 43 44 45 46 47 48 49 50 51 52 53 54 55 56 57 58 59 60 61 62 63 64 65 66 67 68 69 70 71 72 73 74 75 76 77 78 79 80 81 82 83 84 86 87 88 89 90 91 92 94 95 96 97 98 99 100 101 102 103 104 105 106 107 108 109 110 111 112 113 114 115 116 117 118 119 120 121 122 123 124 125 126 127 129 130 131 132 133 134 135 136 137 138 
0 4 a_22
0 4 a_22
a_22
128 
2 4 n_22
2 4 n_22
n_22
93 
1 4 adag_22
1 4 adag_22
adag_22
85 
2 4 n_23
2 4 n_23
n_23
98 
1 4 adag_23
1 4 adag_23
adag_23
96 
3 4 id_23
3 4 id_23
id_23
0 1 2 3 4 5 6 7 8 9 10 11 12 13 14 15 16 17 18 19 20 21 22 23 24 25 26 27 28 29 30 31 32 33 34 35 36 37 38 39 40 41 42 43 44 45 46 47 48 49 50 51 52 53 54 55 56 57 58 59 60 61 62 63 64 65 66 67 68 69 71 72 73 74 75 76 77 78 79 80 81 82 83 84 85 86 87 88 89 90 91 92 93 94 95 97 99 100 101 102 103 104 105 106 107 108 109 110 111 112 113 114 115 116 117 118 119 120 121 122 123 124 125 126 127 128 129 130 131 132 133 134 135 136 137 138 
0 4 a_23
0 4 a_23
a_23
70 
3 4 id_24
3 4 id_24
id_24
0 1 2 3 4 5 6 7 8 9 10 11 12 13 14 15 16 17 18 19 20 21 22 23 24 25 26 27 28 29 30 31 32 33 34 35 36 37 38 39 41 42 43 44 45 46 47 48 49 50 51 52 53 54 55 56 57 58 59 60 61 62 63 64 65 66 68 69 70 71 72 73 74 75 76 77 78 79 80 81 82 83 84 85 86 87 88 90 91 92 93 94 95 96 97 98 99 100 101 102 103 104 105 106 107 108 109 110 111 112 113 114 115 116 117 118 119 120 121 122 123 124 125 126 127 128 129 130 131 132 133 134 135 136 137 138 
0 4 a_24
0 4 a_24
a_24
89 
2 4 n_24
2 4 n_24
n_24
67 
1 4 adag_24
1 4 adag_24
adag_24
40 
2 4 n_25
2 4 n_25
n_25
100 
1 4 adag_25
1 4 adag_25
adag_25
99 
3 4 id_25
3 4 id_25
id_25
0 1 2 3 4 5 6 7 8 9 10 11 12 13 14 15 16 17 18 19 20 21 22 23 24 25 26 27 28 29 30 31 32 33 34 35 36 38 39 40 41 42 43 44 45 46 47 48 49 50 51 52 53 54 55 56 57 58 59 60 61 62 63 64 65 66 67 68 69 70 71 72 73 74 75 76 77 78 79 80 81 82 83 84 85 86 87 88 89 90 91 92 93 94 95 96 97 98 101 102 103 104 105 106 107 108 109 110 111 112 113 114 115 116 117 118 119 120 121 122 123 124 125 126 127 128 129 130 131 132 133 134 135 136 137 138 
0 4 a_25
0 4 a_25
a_25
37 
2 4 n_26
2 4 n_26
n_26
104 
1 4 adag_26
1 4 adag_26
adag_26
102 
3 4 id_26
3 4 id_26
id_26
0 1 2 3 4 5 6 7 8 9 10 11 12 13 14 15 16 17 18 19 20 21 22 23 24 25 26 27 28 29 30 31 32 33 34 35 36 37 38 39 40 41 42 43 44 45 46 47 48 49 50 51 52 53 54 55 56 57 58 59 60 61 62 63 64 65 66 67 68 69 70 71 72 73 74 75 76 77 78 79 80 81 82 83 84 85 86 87 88 89 90 91 92 93 94 95 96 97 98 99 100 103 105 106 107 108 109 110 111 112 113 114 115 116 117 118 119 120 121 122 123 124 125 126 127 128 129 130 131 132 133 134 135 136 137 138 
0 4 a_26
0 4 a_26
a_26
101 
3 4 id_27
3 4 id_27
id_27
0 1 2 3 4 5 6 7 8 10 11 12 14 15 16 17 18 19 20 21 22 23 24 25 26 27 28 29 30 31 32 33 34 35 36 37 38 39 40 41 42 43 44 45 46 47 48 49 50 51 52 53 54 55 56 57 58 59 60 61 62 63 64 65 66 67 68 69 70 71 73 74 75 76 77 78 79 80 81 82 83 84 85 86 87 88 89 90 91 92 93 94 95 96 97 98 99 100 101 102 103 104 105 106 107 108 109 110 111 112 113 114 115 116 117 118 119 120 121 122 123 124 125 126 127 128 129 130 131 132 133 134 135 136 137 138 
0 4 a_27
0 4 a_27
a_27
72 
1 4 adag_27
1 4 adag_27
adag_27
13 
2 4 n_27
2 4 n_27
n_27
9 
2 4 n_28
2 4 n_28
n_28
107 
1 4 adag_28
1 4 adag_28
adag_28
106 
3 4 id_28
3 4 id_28
id_28
0 1 2 3 4 5 6 7 8 9 10 11 12 13 14 15 16 17 18 19 20 21 22 23 24 25 26 27 28 29 30 31 32 33 34 35 36 37 38 39 40 42 43 44 45 46 47 48 49 50 51 52 53 54 55 56 57 58 59 60 61 62 63 64 65 66 67 68 69 70 71 72 73 74 75 76 77 78 79 80 81 82 83 84 85 86 87 88 89 90 91 92 93 94 95 96 97 98 99 100 101 102 103 104 105 108 109 110 111 112 113 114 115 116 117 118 119 120 121 122 123 124 125 126 127 128 129 130 131 132 133 134 135 136 137 138 
0 4 a_28
0 4 a_28
a_28
41 
3 4 id_29
3 4 id_29
id_29
0 1 2 3 4 5 6 7 8 9 10 11 12 13 14 15 16 17 18 19 20 21 22 23 24 25 26 27 28 29 30 31 32 33 34 35 36 37 38 39 40 41 42 43 44 45 46 47 48 49 50 51 52 53 54 55 56 57 58 59 61 62 63 65 66 67 68 69 70 71 72 73 74 75 76 77 78 79 80 81 82 83 84 85 86 87 88 89 90 91 92 93 94 95 96 98 99 100 101 102 103 104 105 106 107 108 109 110 111 112 113 114 115 116 117 118 119 120 121 122 123 124 125 126 127 128 129 130 131 132 133 134 135 136 137 138 
0 4 a_29
0 4 a_29
a_29
97 
1 4 adag_29
1 4 adag_29
adag_29
64 
2 4 n_29
2 4 n_29
n_29
60 
3 4 id_30
3 4 id_30
id_30
0 1 2 3 4 5 7 8 9 10 11 12 13 14 15 16 17 18 19 20 21 22 23 24 25 26 27 28 29 30 31 32 33 34 35 36 37 38 39 40 41 42 43 44 45 46 47 48 49 51 52 53 54 55 56 57 58 59 60 61 62 63 64 65 66 67 68 69 70 71 72 73 74 75 76 77 78 79 80 81 82 83 84 85 86 87 88 89 90 91 92 93 94 96 97 98 99 100 101 102 103 104 105 106 107 108 109 110 111 112 113 114 115 116 117 118 119 120 121 122 123 124 125 126 127 128 129 130 131 132 133 134 135 136 137 138 
0 4 a_30
0 4 a_30
a_30
95 
2 4 n_30
2 4 n_30
n_30
50 
1 4 adag_30
1 4 adag_30
adag_30
6 
2 4 n_31
2 4 n_31
n_31
113 
1 4 adag_31
1 4 adag_31
adag_31
109 
3 4 id_31
3 4 id_31
id_31
0 1 2 3 4 5 6 7 8 9 10 11 12 13 14 15 16 17 18 19 20 21 22 23 24 25 26 27 28 29 30 31 32 33 34 35 36 37 38 39 40 41 42 43 44 45 46 47 48 49 50 51 52 53 54 55 56 57 58 59 60 61 62 63 64 65 66 67 68 69 70 71 72 73 74 75 76 78 79 80 81 82 83 84 85 86 87 88 89 90 91 92 93 94 95 96 97 98 99 100 101 102 103 104 105 106 107 108 110 111 112 114 115 116 117 118 119 120 121 122 123 124 125 126 127 128 129 130 131 132 133 134 135 136 137 138 
0 4 a_31
0 4 a_31
a_31
77 
3 4 id_32
3 4 id_32
id_32
0 1 2 3 4 5 6 7 8 9 10 11 12 13 14 15 16 17 18 19 20 21 22 23 24 25 26 27 28 29 30 31 32 33 34 35 36 37 38 39 40 41 42 43 44 45 46 47 48 49 50 51 52 53 54 55 56 58 59 60 61 62 63 64 65 66 67 68 69 70 71 72 73 74 75 76 77 78 79 80 81 82 83 84 85 86 87 88 89 90 91 92 93 94 95 96 97 98 99 100 101 102 103 104 105 106 107 108 109 110 111 113 115 116 117 118 119 120 121 122 123 124 125 126 127 128 129 130 131 132 133 134 135 136 137 138 
0 4 a_32
0 4 a_32
a_32
114 
1 4 adag_32
1 4 adag_32
adag_32
112 
2 4 n_32
2 4 n_32
n_32
57 
3 4 id_33
3 4 id_33
id_33
0 1 2 3 4 5 6 7 8 9 10 11 12 13 14 15 16 17 18 19 20 21 22 23 24 25 26 27 28 29 30 31 32 33 34 35 36 37 38 39 40 41 42 43 44 45 46 47 48 49 50 51 52 53 54 55 56 57 58 59 60 61 62 63 64 65 66 67 68 69 70 71 72 73 74 75 76 77 78 79 80 81 82 83 84 85 86 87 88 89 90 91 92 93 94 95 96 97 98 99 100 101 102 103 104 105 106 107 108 109 110 111 112 113 114 116 117 119 120 121 122 123 124 125 126 127 128 129 130 131 132 134 135 136 137 138 
0 4 a_33
0 4 a_33
a_33
133 
2 4 n_33
2 4 n_33
n_33
118 
1 4 adag_33
1 4 adag_33
adag_33
115 
1 4 adag_34
1 4 adag_34
adag_34
120 
3 4 id_34
3 4 id_34
id_34
0 1 2 3 4 5 6 7 8 9 10 11 12 13 14 15 16 17 18 19 20 21 22 23 24 25 26 27 28 29 30 31 32 33 34 35 36 37 38 39 40 41 42 43 44 45 46 47 48 49 50 51 52 53 55 56 57 58 59 60 61 62 63 64 65 66 67 68 69 70 71 72 73 74 75 76 77 78 79 80 81 82 83 84 85 86 87 88 89 90 91 92 93 94 95 96 97 98 99 100 101 102 103 104 105 106 107 108 109 110 111 112 113 114 115 116 117 118 121 122 123 124 125 126 127 128 129 130 131 132 133 134 135 136 137 138 
0 4 a_34
0 4 a_34
a_34
119 
2 4 n_34
2 4 n_34
n_34
54 
2 4 n_35
2 4 n_35
n_35
90 
1 4 adag_35
1 4 adag_35
adag_35
80 
3 4 id_35
3 4 id_35
id_35
0 1 2 3 4 5 6 7 8 9 10 11 12 13 14 15 16 17 18 19 20 21 22 23 24 25 26 27 28 29 30 31 32 33 34 35 36 37 38 39 40 41 42 43 44 45 46 48 49 50 51 52 53 54 55 56 57 58 59 60 61 62 63 64 65 66 67 68 69 70 71 72 73 74 75 76 77 78 79 81 82 83 84 85 86 87 88 89 91 92 93 94 95 96 97 98 99 100 101 102 103 104 105 106 107 108 109 110 111 112 113 114 115 116 117 118 119 120 121 122 123 124 125 126 127 128 129 130 131 132 133 134 135 136 137 138 
0 4 a_35
0 4 a_35
a_35
47 
2 4 n_36
2 4 n_36
n_36
123 
1 4 adag_36
1 4 adag_36
adag_36
122 
3 4 id_36
3 4 id_36
id_36
0 1 2 3 4 5 6 7 8 9 10 11 12 13 14 15 16 17 18 19 20 21 22 23 24 25 26 27 28 29 30 31 32 33 34 35 36 37 38 39 40 41 42 43 44 45 46 47 48 49 50 51 52 53 54 55 56 57 58 59 60 61 62 63 64 65 66 67 68 69 70 71 72 73 74 75 76 77 78 79 80 81 82 83 84 85 86 87 88 89 90 91 92 93 94 95 96 97 98 99 100 101 102 103 104 105 106 107 108 109 110 111 112 113 114 115 116 117 118 119 120 124 125 126 127 128 129 130 131 132 133 134 135 136 137 138 
0 4 a_36
0 4 a_36
a_36
121 
1 4 adag_37
1 4 adag_37
adag_37
127 
3 4 id_37
3 4 id_37
id_37
0 1 2 3 4 5 6 7 8 9 10 11 12 13 14 15 16 17 18 19 20 21 22 23 24 25 26 27 28 29 30 31 32 33 34 35 36 37 38 39 40 41 42 43 44 45 46 47 48 49 50 51 52 53 54 55 56 57 58 59 60 61 62 63 64 65 66 67 68 69 70 71 72 73 74 75 76 77 78 79 80 81 82 83 84 85 86 87 88 89 90 91 92 93 94 95 96 97 98 99 100 101 102 104 105 106 107 108 109 110 111 112 113 114 115 116 117 118 119 120 121 122 123 124 126 128 129 130 131 132 133 134 135 136 137 138 
0 4 a_37
0 4 a_37
a_37
125 
2 4 n_37
2 4 n_37
n_37
103 
2 4 n_38
2 4 n_38
n_38
130 
1 4 adag_38
1 4 adag_38
adag_38
129 
3 4 id_38
3 4 id_38
id_38
0 1 2 3 4 5 6 7 8 9 10 11 12 13 14 15 16 17 18 19 20 21 22 23 24 25 26 27 28 29 30 31 32 33 34 35 36 37 38 39 40 41 42 43 44 45 46 47 48 49 50 51 52 53 54 55 56 57 59 60 61 62 63 64 65 66 67 68 69 70 71 72 73 74 75 76 77 78 79 80 81 82 83 84 85 86 87 88 89 90 91 92 93 94 95 96 97 98 99 100 101 102 103 104 105 106 107 108 109 110 111 112 113 114 115 116 117 118 119 120 121 122 123 124 125 126 127 128 131 132 133 134 135 136 137 138 
0 4 a_38
0 4 a_38
a_38
58 
1 4 adag_39
1 4 adag_39
adag_39
132 
2 4 n_39
2 4 n_39
n_39
52 
3 4 id_39
3 4 id_39
id_39
0 1 2 3 4 5 6 7 8 9 10 11 12 13 14 15 16 17 18 19 21 22 23 24 25 26 27 28 29 30 31 32 33 34 35 36 37 38 39 40 41 42 43 44 45 46 47 48 49 50 51 53 54 55 56 57 58 59 60 61 62 63 64 65 66 67 68 69 70 71 72 73 74 75 76 77 78 79 80 81 82 83 84 85 86 87 88 89 90 91 92 93 94 95 96 97 98 99 100 101 102 103 104 105 106 107 108 109 110 111 112 113 114 115 116 117 118 119 120 121 122 123 124 125 126 127 128 129 130 131 133 134 135 136 137 138 
0 4 a_39
0 4 a_39
a_39
20 
3 4 id_40
3 4 id_40
id_40
0 1 2 3 4 5 6 7 8 9 10 11 12 13 14 15 16 17 18 19 20 21 22 23 24 25 26 27 28 29 30 31 32 33 34 35 36 37 38 39 40 41 42 43 44 45 46 47 48 49 50 51 52 53 54 55 56 57 58 59 60 61 62 63 64 65 66 67 68 69 70 71 72 73 74 75 76 77 78 79 80 81 82 83 84 85 86 87 88 89 90 91 92 93 94 95 96 97 98 99 100 101 102 103 104 105 106 107 108 109 110 111 112 113 114 115 117 118 119 120 121 122 123 124 125 126 127 128 129 130 132 133 135 136 137 138 
0 4 a_40
0 4 a_40
a_40
134 
2 4 n_40
2 4 n_40
n_40
131 
1 4 adag_40
1 4 adag_40
adag_40
116 
3 4 id_41
3 4 id_41
id_41
0 1 2 3 4 5 6 7 8 9 11 12 13 14 15 16 17 18 19 20 21 22 23 24 25 26 27 28 29 30 31 32 33 34 35 36 37 38 39 40 41 42 43 44 45 46 47 48 49 50 51 52 53 54 55 56 57 58 59 60 61 62 63 64 65 66 67 69 70 71 72 73 74 75 76 77 78 79 80 81 82 83 84 85 86 87 88 89 90 91 92 93 94 95 96 97 98 99 100 101 102 103 104 105 106 107 108 109 110 111 112 113 114 115 116 117 118 119 120 121 122 123 124 125 126 127 128 129 130 131 132 133 134 136 137 138 
0 4 a_41
0 4 a_41
a_41
135 
1 4 adag_41
1 4 adag_41
adag_41
68 
2 4 n_41
2 4 n_41
n_41
10 
1 4 adag_42
1 4 adag_42
adag_42
138 
3 4 id_42
3 4 id_42
id_42
0 1 2 3 4 5 6 7 8 9 10 11 12 13 14 15 16 17 18 19 20 21 22 23 24 25 26 27 28 29 30 31 32 33 34 35 36 37 38 39 40 41 42 43 44 45 46 47 48 49 50 51 52 53 54 55 56 57 58 59 60 61 62 63 64 65 66 67 68 69 70 71 72 73 74 75 76 77 78 79 80 81 82 83 84 85 86 87 88 89 90 91 92 93 94 95 96 97 98 99 100 101 102 103 104 106 107 108 109 110 111 112 113 114 115 116 117 118 119 120 121 122 123 124 125 126 127 128 129 130 131 132 133 134 135 136 
0 4 a_42
0 4 a_42
a_42
137 
2 4 n_42
2 4 n_42
n_42
105 
3 4 id_43
3 4 id_43
id_43
0 1 2 5 6 7 8 9 10 11 12 13 14 15 16 17 18 19 20 21 22 23 24 25 26 27 28 29 30 31 32 33 34 35 36 37 38 39 40 41 42 43 44 45 47 48 49 50 51 52 53 54 55 56 57 58 59 60 61 62 63 64 65 66 67 68 69 70 71 72 73 74 75 76 77 78 79 80 81 82 83 84 85 86 87 88 89 90 91 92 93 94 95 96 97 98 99 100 101 102 103 104 105 106 107 108 109 110 111 112 113 114 115 116 117 118 119 120 121 122 123 124 125 126 127 128 129 130 131 132 133 134 135 136 137 138 
0 4 a_43
0 4 a_43
a_43
46 
1 4 adag_43
1 4 adag_43
adag_43
4 
2 4 n_43
2 4 n_43
n_43
3 
2 4 n_44
2 4 n_44
n_44
117 
3 4 id_44
3 4 id_44
id_44
0 1 3 4 5 6 7 8 9 10 11 12 13 14 15 16 17 18 19 20 21 22 23 24 25 26 27 28 29 30 31 32 33 34 35 36 37 38 39 40 41 42 43 44 45 46 47 48 49 50 51 52 53 54 55 56 57 58 59 60 61 62 63 64 65 66 67 68 69 70 71 72 73 74 75 76 77 78 79 80 81 82 83 84 85 86 87 88 89 90 91 92 93 94 95 96 97 98 99 100 101 102 103 104 105 106 107 108 109 111 112 113 114 115 116 118 119 120 121 122 123 124 125 126 127 128 129 130 131 132 133 134 135 136 137 138 
0 4 a_44
0 4 a_44
a_44
110 
1 4 adag_44
1 4 adag_44
adag_44
2 
3 4 id_45
3 4 id_45
id_45
0 2 3 4 5 6 8 9 10 11 12 13 14 15 16 17 18 19 20 21 22 23 24 25 26 27 28 29 30 31 32 33 34 35 36 37 38 39 40 41 42 43 45 46 47 48 49 50 51 52 53 54 55 56 57 58 59 60 61 62 63 64 65 66 67 68 69 70 71 72 73 74 75 76 77 78 79 80 81 82 83 84 85 86 87 88 89 90 91 92 93 94 95 96 97 98 99 100 101 102 103 104 105 106 107 108 109 110 111 112 113 114 115 116 117 118 119 120 121 122 123 124 125 126 127 128 129 130 131 132 133 134 135 136 137 138 
0 4 a_45
0 4 a_45
a_45
44 
2 4 n_45
2 4 n_45
n_45
7 
1 4 adag_45
1 4 adag_45
adag_45
1 
3 4 id_46
3 4 id_46
id_46
1 2 3 4 5 6 7 8 9 10 11 12 13 14 15 16 17 18 19 20 21 22 23 24 25 26 27 28 29 30 31 32 33 34 35 36 37 38 39 40 41 42 43 44 45 46 47 48 49 50 51 52 53 54 55 56 57 58 59 60 61 62 64 65 66 67 68 69 70 71 72 73 74 75 76 77 78 79 80 81 82 83 84 85 86 87 88 89 90 92 93 94 95 96 97 98 99 100 101 102 103 104 105 106 107 108 109 110 111 112 113 114 115 116 117 118 119 120 121 122 123 124 125 126 127 128 129 130 131 132 133 134 135 136 137 138 
0 4 a_46
0 4 a_46
a_46
91 
2 4 n_46
2 4 n_46
n_46
63 
1 4 adag_46
1 4 adag_46
adag_46
0 
I_4
dense matrix operator: 
[[0+0i, 0+0i, 0+0i, 0+0i],
[0+0i, 2+0i, 0+0i, 0+0i],
[0+0i, 0+0i, -2+0i, -0+0i],
[0+0i, 0+0i, -0+0i, 0+0i]]


dense matrix operator: 
[[1+0i, 0+0i, 0+0i, 0+0i],
[0+0i, 1+0i, 0+0i, 0+0i],
[0+0i, 0+0i, -1+0i, -0+0i],
[0+0i, 0+0i, -0+0i, -1+0i]]


dense matrix operator: 
[[0+0i, -0.5+0i, 0.5+0i, 0+0i],
[-0.5+0i, 0+0i, 0+0i, 0.5+0i],
[0.5+0i, 0+0i, 0+0i, -0.5+0i],
[0+0i, 0.5+0i, -0.5+0i, 0+0i]]


dense matrix operator: 
[[1+0i, 0+0i, 0+0i, 0+0i],
[0+0i, -1+0i, 0+0i, -0+0i],
[0+0i, 0+0i, 1+0i, 0+0i],
[0+0i, -0+0i, 0+0i, -1+0i]]


diagonal matrix operator: 
diagonal: 8 8
0 0 (0,0)
1 1 (1,0)
2 2 (2,0)
3 3 (3,0)
4 4 (4,0)
5 5 (5,0)
6 6 (6,0)
7 7 (7,0)


I_8
sparse matrix operator: 
0 1 (1,0)
1 2 (1.41421,0)
2 3 (1.73205,0)
3 4 (2,0)
4 5 (2.23607,0)
5 6 (2.44949,0)
6 7 (2.64575,0)


sparse matrix operator: 
1 0 (1,0)
2 1 (1.41421,0)
3 2 (1.73205,0)
4 3 (2,0)
5 4 (2.23607,0)
6 5 (2.44949,0)
7 6 (2.64575,0)


I_8
sparse matrix operator: 
0 1 (1,0)
1 2 (1.41421,0)
2 3 (1.73205,0)
3 4 (2,0)
4 5 (2.23607,0)
5 6 (2.44949,0)
6 7 (2.64575,0)


sparse matrix operator: 
1 0 (1,0)
2 1 (1.41421,0)
3 2 (1.73205,0)
4 3 (2,0)
5 4 (2.23607,0)
6 5 (2.44949,0)
7 6 (2.64575,0)


diagonal matrix operator: 
diagonal: 8 8
0 0 (0,0)
1 1 (1,0)
2 2 (2,0)
3 3 (3,0)
4 4 (4,0)
5 5 (5,0)
6 6 (6,0)
7 7 (7,0)


sparse matrix operator: 
1 0 (1,0)
2 1 (1.41421,0)
3 2 (1.73205,0)
4 3 (2,0)
5 4 (2.23607,0)
6 5 (2.44949,0)
7 6 (2.64575,0)


diagonal matrix operator: 
diagonal: 8 8
0 0 (0,0)
1 1 (1,0)
2 2 (2,0)
3 3 (3,0)
4 4 (4,0)
5 5 (5,0)
6 6 (6,0)
7 7 (7,0)


I_8
sparse matrix operator: 
0 1 (1,0)
1 2 (1.41421,0)
2 3 (1.73205,0)
3 4 (2,0)
4 5 (2.23607,0)
5 6 (2.44949,0)
6 7 (2.64575,0)


sparse matrix operator: 
1 0 (1,0)
2 1 (1.41421,0)
3 2 (1.73205,0)
4 3 (2,0)
5 4 (2.23607,0)
6 5 (2.44949,0)
7 6 (2.64575,0)


I_8
sparse matrix operator: 
0 1 (1,0)
1 2 (1.41421,0)
2 3 (1.73205,0)
3 4 (2,0)
4 5 (2.23607,0)
5 6 (2.44949,0)
6 7 (2.64575,0)


diagonal matrix operator: 
diagonal: 8 8
0 0 (0,0)
1 1 (1,0)
2 2 (2,0)
3 3 (3,0)
4 4 (4,0)
5 5 (5,0)
6 6 (6,0)
7 7 (7,0)


I_8
sparse matrix operator: 
0 1 (1,0)
1 2 (1.41421,0)
2 3 (1.73205,0)
3 4 (2,0)
4 5 (2.23607,0)
5 6 (2.44949,0)
6 7 (2.64575,0)


sparse matrix operator: 
1 0 (1,0)
2 1 (1.41421,0)
3 2 (1.73205,0)
4 3 (2,0)
5 4 (2.23607,0)
6 5 (2.44949,0)
7 6 (2.64575,0)


diagonal matrix operator: 
diagonal: 8 8
0 0 (0,0)
1 1 (1,0)
2 2 (2,0)
3 3 (3,0)
4 4 (4,0)
5 5 (5,0)
6 6 (6,0)
7 7 (7,0)


sparse matrix operator: 
1 0 (1,0)
2 1 (1.41421,0)
3 2 (1.73205,0)
4 3 (2,0)
5 4 (2.23607,0)
6 5 (2.44949,0)
7 6 (2.64575,0)


diagonal matrix operator: 
diagonal: 8 8
0 0 (0,0)
1 1 (1,0)
2 2 (2,0)
3 3 (3,0)
4 4 (4,0)
5 5 (5,0)
6 6 (6,0)
7 7 (7,0)


I_8
sparse matrix operator: 
0 1 (1,0)
1 2 (1.41421,0)
2 3 (1.73205,0)
3 4 (2,0)
4 5 (2.23607,0)
5 6 (2.44949,0)
6 7 (2.64575,0)


sparse matrix operator: 
1 0 (1,0)
2 1 (1.41421,0)
3 2 (1.73205,0)
4 3 (2,0)
5 4 (2.23607,0)
6 5 (2.44949,0)
7 6 (2.64575,0)


diagonal matrix operator: 
diagonal: 8 8
0 0 (0,0)
1 1 (1,0)
2 2 (2,0)
3 3 (3,0)
4 4 (4,0)
5 5 (5,0)
6 6 (6,0)
7 7 (7,0)


I_8
sparse matrix operator: 
0 1 (1,0)
1 2 (1.41421,0)
2 3 (1.73205,0)
3 4 (2,0)
4 5 (2.23607,0)
5 6 (2.44949,0)
6 7 (2.64575,0)


sparse matrix operator: 
1 0 (1,0)
2 1 (1.41421,0)
3 2 (1.73205,0)
4 3 (2,0)
5 4 (2.23607,0)
6 5 (2.44949,0)
7 6 (2.64575,0)


I_8
sparse matrix operator: 
0 1 (1,0)
1 2 (1.41421,0)
2 3 (1.73205,0)
3 4 (2,0)
4 5 (2.23607,0)
5 6 (2.44949,0)
6 7 (2.64575,0)


diagonal matrix operator: 
diagonal: 8 8
0 0 (0,0)
1 1 (1,0)
2 2 (2,0)
3 3 (3,0)
4 4 (4,0)
5 5 (5,0)
6 6 (6,0)
7 7 (7,0)


I_8
sparse matrix operator: 
0 1 (1,0)
1 2 (1.41421,0)
2 3 (1.73205,0)
3 4 (2,0)
4 5 (2.23607,0)
5 6 (2.44949,0)
6 7 (2.64575,0)


diagonal matrix operator: 
diagonal: 8 8
0 0 (0,0)
1 1 (1,0)
2 2 (2,0)
3 3 (3,0)
4 4 (4,0)
5 5 (5,0)
6 6 (6,0)
7 7 (7,0)


sparse matrix operator: 
1 0 (1,0)
2 1 (1.41421,0)
3 2 (1.73205,0)
4 3 (2,0)
5 4 (2.23607,0)
6 5 (2.44949,0)
7 6 (2.64575,0)


I_8
sparse matrix operator: 
0 1 (1,0)
1 2 (1.41421,0)
2 3 (1.73205,0)
3 4 (2,0)
4 5 (2.23607,0)
5 6 (2.44949,0)
6 7 (2.64575,0)


sparse matrix operator: 
1 0 (1,0)
2 1 (1.41421,0)
3 2 (1.73205,0)
4 3 (2,0)
5 4 (2.23607,0)
6 5 (2.44949,0)
7 6 (2.64575,0)


diagonal matrix operator: 
diagonal: 8 8
0 0 (0,0)
1 1 (1,0)
2 2 (2,0)
3 3 (3,0)
4 4 (4,0)
5 5 (5,0)
6 6 (6,0)
7 7 (7,0)


I_8
sparse matrix operator: 
0 1 (1,0)
1 2 (1.41421,0)
2 3 (1.73205,0)
3 4 (2,0)
4 5 (2.23607,0)
5 6 (2.44949,0)
6 7 (2.64575,0)


sparse matrix operator: 
1 0 (1,0)
2 1 (1.41421,0)
3 2 (1.73205,0)
4 3 (2,0)
5 4 (2.23607,0)
6 5 (2.44949,0)
7 6 (2.64575,0)


diagonal matrix operator: 
diagonal: 8 8
0 0 (0,0)
1 1 (1,0)
2 2 (2,0)
3 3 (3,0)
4 4 (4,0)
5 5 (5,0)
6 6 (6,0)
7 7 (7,0)


sparse matrix operator: 
1 0 (1,0)
2 1 (1.41421,0)
3 2 (1.73205,0)
4 3 (2,0)
5 4 (2.23607,0)
6 5 (2.44949,0)
7 6 (2.64575,0)


diagonal matrix operator: 
diagonal: 8 8
0 0 (0,0)
1 1 (1,0)
2 2 (2,0)
3 3 (3,0)
4 4 (4,0)
5 5 (5,0)
6 6 (6,0)
7 7 (7,0)


I_8
sparse matrix operator: 
0 1 (1,0)
1 2 (1.41421,0)
2 3 (1.73205,0)
3 4 (2,0)
4 5 (2.23607,0)
5 6 (2.44949,0)
6 7 (2.64575,0)


sparse matrix operator: 
1 0 (1,0)
2 1 (1.41421,0)
3 2 (1.73205,0)
4 3 (2,0)
5 4 (2.23607,0)
6 5 (2.44949,0)
7 6 (2.64575,0)


I_8
sparse matrix operator: 
0 1 (1,0)
1 2 (1.41421,0)
2 3 (1.73205,0)
3 4 (2,0)
4 5 (2.23607,0)
5 6 (2.44949,0)
6 7 (2.64575,0)


diagonal matrix operator: 
diagonal: 8 8
0 0 (0,0)
1 1 (1,0)
2 2 (2,0)
3 3 (3,0)
4 4 (4,0)
5 5 (5,0)
6 6 (6,0)
7 7 (7,0)


sparse matrix operator: 
1 0 (1,0)
2 1 (1.41421,0)
3 2 (1.73205,0)
4 3 (2,0)
5 4 (2.23607,0)
6 5 (2.44949,0)
7 6 (2.64575,0)


I_8
sparse matrix operator: 
0 1 (1,0)
1 2 (1.41421,0)
2 3 (1.73205,0)
3 4 (2,0)
4 5 (2.23607,0)
5 6 (2.44949,0)
6 7 (2.64575,0)


diagonal matrix operator: 
diagonal: 8 8
0 0 (0,0)
1 1 (1,0)
2 2 (2,0)
3 3 (3,0)
4 4 (4,0)
5 5 (5,0)
6 6 (6,0)
7 7 (7,0)


sparse matrix operator: 
1 0 (1,0)
2 1 (1.41421,0)
3 2 (1.73205,0)
4 3 (2,0)
5 4 (2.23607,0)
6 5 (2.44949,0)
7 6 (2.64575,0)


diagonal matrix operator: 
diagonal: 8 8
0 0 (0,0)
1 1 (1,0)
2 2 (2,0)
3 3 (3,0)
4 4 (4,0)
5 5 (5,0)
6 6 (6,0)
7 7 (7,0)


I_8
sparse matrix operator: 
0 1 (1,0)
1 2 (1.41421,0)
2 3 (1.73205,0)
3 4 (2,0)
4 5 (2.23607,0)
5 6 (2.44949,0)
6 7 (2.64575,0)


diagonal matrix operator: 
diagonal: 8 8
0 0 (0,0)
1 1 (1,0)
2 2 (2,0)
3 3 (3,0)
4 4 (4,0)
5 5 (5,0)
6 6 (6,0)
7 7 (7,0)


I_8
sparse matrix operator: 
0 1 (1,0)
1 2 (1.41421,0)
2 3 (1.73205,0)
3 4 (2,0)
4 5 (2.23607,0)
5 6 (2.44949,0)
6 7 (2.64575,0)


sparse matrix operator: 
1 0 (1,0)
2 1 (1.41421,0)
3 2 (1.73205,0)
4 3 (2,0)
5 4 (2.23607,0)
6 5 (2.44949,0)
7 6 (2.64575,0)


sparse matrix operator: 
1 0 (1,0)
2 1 (1.41421,0)
3 2 (1.73205,0)
4 3 (2,0)
5 4 (2.23607,0)
6 5 (2.44949,0)
7 6 (2.64575,0)


I_8
sparse matrix operator: 
0 1 (1,0)
1 2 (1.41421,0)
2 3 (1.73205,0)
3 4 (2,0)
4 5 (2.23607,0)
5 6 (2.44949,0)
6 7 (2.64575,0)


diagonal matrix operator: 
diagonal: 8 8
0 0 (0,0)
1 1 (1,0)
2 2 (2,0)
3 3 (3,0)
4 4 (4,0)
5 5 (5,0)
6 6 (6,0)
7 7 (7,0)


diagonal matrix operator: 
diagonal: 8 8
0 0 (0,0)
1 1 (1,0)
2 2 (2,0)
3 3 (3,0)
4 4 (4,0)
5 5 (5,0)
6 6 (6,0)
7 7 (7,0)


I_8
sparse matrix operator: 
0 1 (1,0)
1 2 (1.41421,0)
2 3 (1.73205,0)
3 4 (2,0)
4 5 (2.23607,0)
5 6 (2.44949,0)
6 7 (2.64575,0)


sparse matrix operator: 
1 0 (1,0)
2 1 (1.41421,0)
3 2 (1.73205,0)
4 3 (2,0)
5 4 (2.23607,0)
6 5 (2.44949,0)
7 6 (2.64575,0)


sparse matrix operator: 
1 0 (1,0)
2 1 (1.41421,0)
3 2 (1.73205,0)
4 3 (2,0)
5 4 (2.23607,0)
6 5 (2.44949,0)
7 6 (2.64575,0)


I_8
sparse matrix operator: 
0 1 (1,0)
1 2 (1.41421,0)
2 3 (1.73205,0)
3 4 (2,0)
4 5 (2.23607,0)
5 6 (2.44949,0)
6 7 (2.64575,0)


diagonal matrix operator: 
diagonal: 8 8
0 0 (0,0)
1 1 (1,0)
2 2 (2,0)
3 3 (3,0)
4 4 (4,0)
5 5 (5,0)
6 6 (6,0)
7 7 (7,0)


diagonal matrix operator: 
diagonal: 8 8
0 0 (0,0)
1 1 (1,0)
2 2 (2,0)
3 3 (3,0)
4 4 (4,0)
5 5 (5,0)
6 6 (6,0)
7 7 (7,0)


sparse matrix operator: 
1 0 (1,0)
2 1 (1.41421,0)
3 2 (1.73205,0)
4 3 (2,0)
5 4 (2.23607,0)
6 5 (2.44949,0)
7 6 (2.64575,0)


I_8
sparse matrix operator: 
0 1 (1,0)
1 2 (1.41421,0)
2 3 (1.73205,0)
3 4 (2,0)
4 5 (2.23607,0)
5 6 (2.44949,0)
6 7 (2.64575,0)


diagonal matrix operator: 
diagonal: 8 8
0 0 (0,0)
1 1 (1,0)
2 2 (2,0)
3 3 (3,0)
4 4 (4,0)
5 5 (5,0)
6 6 (6,0)
7 7 (7,0)


sparse matrix operator: 
1 0 (1,0)
2 1 (1.41421,0)
3 2 (1.73205,0)
4 3 (2,0)
5 4 (2.23607,0)
6 5 (2.44949,0)
7 6 (2.64575,0)


I_8
sparse matrix operator: 
0 1 (1,0)
1 2 (1.41421,0)
2 3 (1.73205,0)
3 4 (2,0)
4 5 (2.23607,0)
5 6 (2.44949,0)
6 7 (2.64575,0)


I_8
sparse matrix operator: 
0 1 (1,0)
1 2 (1.41421,0)
2 3 (1.73205,0)
3 4 (2,0)
4 5 (2.23607,0)
5 6 (2.44949,0)
6 7 (2.64575,0)


diagonal matrix operator: 
diagonal: 8 8
0 0 (0,0)
1 1 (1,0)
2 2 (2,0)
3 3 (3,0)
4 4 (4,0)
5 5 (5,0)
6 6 (6,0)
7 7 (7,0)


sparse matrix operator: 
1 0 (1,0)
2 1 (1.41421,0)
3 2 (1.73205,0)
4 3 (2,0)
5 4 (2.23607,0)
6 5 (2.44949,0)
7 6 (2.64575,0)


diagonal matrix operator: 
diagonal: 8 8
0 0 (0,0)
1 1 (1,0)
2 2 (2,0)
3 3 (3,0)
4 4 (4,0)
5 5 (5,0)
6 6 (6,0)
7 7 (7,0)


sparse matrix operator: 
1 0 (1,0)
2 1 (1.41421,0)
3 2 (1.73205,0)
4 3 (2,0)
5 4 (2.23607,0)
6 5 (2.44949,0)
7 6 (2.64575,0)


I_8
sparse matrix operator: 
0 1 (1,0)
1 2 (1.41421,0)
2 3 (1.73205,0)
3 4 (2,0)
4 5 (2.23607,0)
5 6 (2.44949,0)
6 7 (2.64575,0)


I_8
sparse matrix operator: 
0 1 (1,0)
1 2 (1.41421,0)
2 3 (1.73205,0)
3 4 (2,0)
4 5 (2.23607,0)
5 6 (2.44949,0)
6 7 (2.64575,0)


diagonal matrix operator: 
diagonal: 8 8
0 0 (0,0)
1 1 (1,0)
2 2 (2,0)
3 3 (3,0)
4 4 (4,0)
5 5 (5,0)
6 6 (6,0)
7 7 (7,0)


sparse matrix operator: 
1 0 (1,0)
2 1 (1.41421,0)
3 2 (1.73205,0)
4 3 (2,0)
5 4 (2.23607,0)
6 5 (2.44949,0)
7 6 (2.64575,0)


diagonal matrix operator: 
diagonal: 8 8
0 0 (0,0)
1 1 (1,0)
2 2 (2,0)
3 3 (3,0)
4 4 (4,0)
5 5 (5,0)
6 6 (6,0)
7 7 (7,0)


sparse matrix operator: 
1 0 (1,0)
2 1 (1.41421,0)
3 2 (1.73205,0)
4 3 (2,0)
5 4 (2.23607,0)
6 5 (2.44949,0)
7 6 (2.64575,0)


I_8
sparse matrix operator: 
0 1 (1,0)
1 2 (1.41421,0)
2 3 (1.73205,0)
3 4 (2,0)
4 5 (2.23607,0)
5 6 (2.44949,0)
6 7 (2.64575,0)


diagonal matrix operator: 
diagonal: 8 8
0 0 (0,0)
1 1 (1,0)
2 2 (2,0)
3 3 (3,0)
4 4 (4,0)
5 5 (5,0)
6 6 (6,0)
7 7 (7,0)


sparse matrix operator: 
1 0 (1,0)
2 1 (1.41421,0)
3 2 (1.73205,0)
4 3 (2,0)
5 4 (2.23607,0)
6 5 (2.44949,0)
7 6 (2.64575,0)


I_8
sparse matrix operator: 
0 1 (1,0)
1 2 (1.41421,0)
2 3 (1.73205,0)
3 4 (2,0)
4 5 (2.23607,0)
5 6 (2.44949,0)
6 7 (2.64575,0)


I_8
sparse matrix operator: 
0 1 (1,0)
1 2 (1.41421,0)
2 3 (1.73205,0)
3 4 (2,0)
4 5 (2.23607,0)
5 6 (2.44949,0)
6 7 (2.64575,0)


sparse matrix operator: 
1 0 (1,0)
2 1 (1.41421,0)
3 2 (1.73205,0)
4 3 (2,0)
5 4 (2.23607,0)
6 5 (2.44949,0)
7 6 (2.64575,0)


diagonal matrix operator: 
diagonal: 8 8
0 0 (0,0)
1 1 (1,0)
2 2 (2,0)
3 3 (3,0)
4 4 (4,0)
5 5 (5,0)
6 6 (6,0)
7 7 (7,0)


diagonal matrix operator: 
diagonal: 8 8
0 0 (0,0)
1 1 (1,0)
2 2 (2,0)
3 3 (3,0)
4 4 (4,0)
5 5 (5,0)
6 6 (6,0)
7 7 (7,0)


sparse matrix operator: 
1 0 (1,0)
2 1 (1.41421,0)
3 2 (1.73205,0)
4 3 (2,0)
5 4 (2.23607,0)
6 5 (2.44949,0)
7 6 (2.64575,0)


I_8
sparse matrix operator: 
0 1 (1,0)
1 2 (1.41421,0)
2 3 (1.73205,0)
3 4 (2,0)
4 5 (2.23607,0)
5 6 (2.44949,0)
6 7 (2.64575,0)


I_8
sparse matrix operator: 
0 1 (1,0)
1 2 (1.41421,0)
2 3 (1.73205,0)
3 4 (2,0)
4 5 (2.23607,0)
5 6 (2.44949,0)
6 7 (2.64575,0)


sparse matrix operator: 
1 0 (1,0)
2 1 (1.41421,0)
3 2 (1.73205,0)
4 3 (2,0)
5 4 (2.23607,0)
6 5 (2.44949,0)
7 6 (2.64575,0)


diagonal matrix operator: 
diagonal: 8 8
0 0 (0,0)
1 1 (1,0)
2 2 (2,0)
3 3 (3,0)
4 4 (4,0)
5 5 (5,0)
6 6 (6,0)
7 7 (7,0)


I_8
sparse matrix operator: 
0 1 (1,0)
1 2 (1.41421,0)
2 3 (1.73205,0)
3 4 (2,0)
4 5 (2.23607,0)
5 6 (2.44949,0)
6 7 (2.64575,0)


diagonal matrix operator: 
diagonal: 8 8
0 0 (0,0)
1 1 (1,0)
2 2 (2,0)
3 3 (3,0)
4 4 (4,0)
5 5 (5,0)
6 6 (6,0)
7 7 (7,0)


sparse matrix operator: 
1 0 (1,0)
2 1 (1.41421,0)
3 2 (1.73205,0)
4 3 (2,0)
5 4 (2.23607,0)
6 5 (2.44949,0)
7 6 (2.64575,0)


diagonal matrix operator: 
diagonal: 8 8
0 0 (0,0)
1 1 (1,0)
2 2 (2,0)
3 3 (3,0)
4 4 (4,0)
5 5 (5,0)
6 6 (6,0)
7 7 (7,0)


sparse matrix operator: 
1 0 (1,0)
2 1 (1.41421,0)
3 2 (1.73205,0)
4 3 (2,0)
5 4 (2.23607,0)
6 5 (2.44949,0)
7 6 (2.64575,0)


I_8
sparse matrix operator: 
0 1 (1,0)
1 2 (1.41421,0)
2 3 (1.73205,0)
3 4 (2,0)
4 5 (2.23607,0)
5 6 (2.44949,0)
6 7 (2.64575,0)


I_8
sparse matrix operator: 
0 1 (1,0)
1 2 (1.41421,0)
2 3 (1.73205,0)
3 4 (2,0)
4 5 (2.23607,0)
5 6 (2.44949,0)
6 7 (2.64575,0)


sparse matrix operator: 
1 0 (1,0)
2 1 (1.41421,0)
3 2 (1.73205,0)
4 3 (2,0)
5 4 (2.23607,0)
6 5 (2.44949,0)
7 6 (2.64575,0)


diagonal matrix operator: 
diagonal: 8 8
0 0 (0,0)
1 1 (1,0)
2 2 (2,0)
3 3 (3,0)
4 4 (4,0)
5 5 (5,0)
6 6 (6,0)
7 7 (7,0)


I_8
sparse matrix operator: 
0 1 (1,0)
1 2 (1.41421,0)
2 3 (1.73205,0)
3 4 (2,0)
4 5 (2.23607,0)
5 6 (2.44949,0)
6 7 (2.64575,0)


diagonal matrix operator: 
diagonal: 8 8
0 0 (0,0)
1 1 (1,0)
2 2 (2,0)
3 3 (3,0)
4 4 (4,0)
5 5 (5,0)
6 6 (6,0)
7 7 (7,0)


sparse matrix operator: 
1 0 (1,0)
2 1 (1.41421,0)
3 2 (1.73205,0)
4 3 (2,0)
5 4 (2.23607,0)
6 5 (2.44949,0)
7 6 (2.64575,0)


sparse matrix operator: 
1 0 (1,0)
2 1 (1.41421,0)
3 2 (1.73205,0)
4 3 (2,0)
5 4 (2.23607,0)
6 5 (2.44949,0)
7 6 (2.64575,0)


I_8
sparse matrix operator: 
0 1 (1,0)
1 2 (1.41421,0)
2 3 (1.73205,0)
3 4 (2,0)
4 5 (2.23607,0)
5 6 (2.44949,0)
6 7 (2.64575,0)


diagonal matrix operator: 
diagonal: 8 8
0 0 (0,0)
1 1 (1,0)
2 2 (2,0)
3 3 (3,0)
4 4 (4,0)
5 5 (5,0)
6 6 (6,0)
7 7 (7,0)


diagonal matrix operator: 
diagonal: 8 8
0 0 (0,0)
1 1 (1,0)
2 2 (2,0)
3 3 (3,0)
4 4 (4,0)
5 5 (5,0)
6 6 (6,0)
7 7 (7,0)


sparse matrix operator: 
1 0 (1,0)
2 1 (1.41421,0)
3 2 (1.73205,0)
4 3 (2,0)
5 4 (2.23607,0)
6 5 (2.44949,0)
7 6 (2.64575,0)


I_8
sparse matrix operator: 
0 1 (1,0)
1 2 (1.41421,0)
2 3 (1.73205,0)
3 4 (2,0)
4 5 (2.23607,0)
5 6 (2.44949,0)
6 7 (2.64575,0)


diagonal matrix operator: 
diagonal: 8 8
0 0 (0,0)
1 1 (1,0)
2 2 (2,0)
3 3 (3,0)
4 4 (4,0)
5 5 (5,0)
6 6 (6,0)
7 7 (7,0)


sparse matrix operator: 
1 0 (1,0)
2 1 (1.41421,0)
3 2 (1.73205,0)
4 3 (2,0)
5 4 (2.23607,0)
6 5 (2.44949,0)
7 6 (2.64575,0)


I_8
sparse matrix operator: 
0 1 (1,0)
1 2 (1.41421,0)
2 3 (1.73205,0)
3 4 (2,0)
4 5 (2.23607,0)
5 6 (2.44949,0)
6 7 (2.64575,0)


sparse matrix operator: 
1 0 (1,0)
2 1 (1.41421,0)
3 2 (1.73205,0)
4 3 (2,0)
5 4 (2.23607,0)
6 5 (2.44949,0)
7 6 (2.64575,0)


I_8
sparse matrix operator: 
0 1 (1,0)
1 2 (1.41421,0)
2 3 (1.73205,0)
3 4 (2,0)
4 5 (2.23607,0)
5 6 (2.44949,0)
6 7 (2.64575,0)


diagonal matrix operator: 
diagonal: 8 8
0 0 (0,0)
1 1 (1,0)
2 2 (2,0)
3 3 (3,0)
4 4 (4,0)
5 5 (5,0)
6 6 (6,0)
7 7 (7,0)


diagonal matrix operator: 
diagonal: 8 8
0 0 (0,0)
1 1 (1,0)
2 2 (2,0)
3 3 (3,0)
4 4 (4,0)
5 5 (5,0)
6 6 (6,0)
7 7 (7,0)


sparse matrix operator: 
1 0 (1,0)
2 1 (1.41421,0)
3 2 (1.73205,0)
4 3 (2,0)
5 4 (2.23607,0)
6 5 (2.44949,0)
7 6 (2.64575,0)


I_8
sparse matrix operator: 
0 1 (1,0)
1 2 (1.41421,0)
2 3 (1.73205,0)
3 4 (2,0)
4 5 (2.23607,0)
5 6 (2.44949,0)
6 7 (2.64575,0)


sparse matrix operator: 
1 0 (1,0)
2 1 (1.41421,0)
3 2 (1.73205,0)
4 3 (2,0)
5 4 (2.23607,0)
6 5 (2.44949,0)
7 6 (2.64575,0)


diagonal matrix operator: 
diagonal: 8 8
0 0 (0,0)
1 1 (1,0)
2 2 (2,0)
3 3 (3,0)
4 4 (4,0)
5 5 (5,0)
6 6 (6,0)
7 7 (7,0)


I_8
sparse matrix operator: 
0 1 (1,0)
1 2 (1.41421,0)
2 3 (1.73205,0)
3 4 (2,0)
4 5 (2.23607,0)
5 6 (2.44949,0)
6 7 (2.64575,0)


I_8
sparse matrix operator: 
0 1 (1,0)
1 2 (1.41421,0)
2 3 (1.73205,0)
3 4 (2,0)
4 5 (2.23607,0)
5 6 (2.44949,0)
6 7 (2.64575,0)


diagonal matrix operator: 
diagonal: 8 8
0 0 (0,0)
1 1 (1,0)
2 2 (2,0)
3 3 (3,0)
4 4 (4,0)
5 5 (5,0)
6 6 (6,0)
7 7 (7,0)


sparse matrix operator: 
1 0 (1,0)
2 1 (1.41421,0)
3 2 (1.73205,0)
4 3 (2,0)
5 4 (2.23607,0)
6 5 (2.44949,0)
7 6 (2.64575,0)


I_8
sparse matrix operator: 
0 1 (1,0)
1 2 (1.41421,0)
2 3 (1.73205,0)
3 4 (2,0)
4 5 (2.23607,0)
5 6 (2.44949,0)
6 7 (2.64575,0)


sparse matrix operator: 
1 0 (1,0)
2 1 (1.41421,0)
3 2 (1.73205,0)
4 3 (2,0)
5 4 (2.23607,0)
6 5 (2.44949,0)
7 6 (2.64575,0)


diagonal matrix operator: 
diagonal: 8 8
0 0 (0,0)
1 1 (1,0)
2 2 (2,0)
3 3 (3,0)
4 4 (4,0)
5 5 (5,0)
6 6 (6,0)
7 7 (7,0)


sparse matrix operator: 
1 0 (1,0)
2 1 (1.41421,0)
3 2 (1.73205,0)
4 3 (2,0)
5 4 (2.23607,0)
6 5 (2.44949,0)
7 6 (2.64575,0)


I_8
sparse matrix operator: 
0 1 (1,0)
1 2 (1.41421,0)
2 3 (1.73205,0)
3 4 (2,0)
4 5 (2.23607,0)
5 6 (2.44949,0)
6 7 (2.64575,0)


diagonal matrix operator: 
diagonal: 8 8
0 0 (0,0)
1 1 (1,0)
2 2 (2,0)
3 3 (3,0)
4 4 (4,0)
5 5 (5,0)
6 6 (6,0)
7 7 (7,0)


I_8
sparse matrix operator: 
0 1 (1,0)
1 2 (1.41421,0)
2 3 (1.73205,0)
3 4 (2,0)
4 5 (2.23607,0)
5 6 (2.44949,0)
6 7 (2.64575,0)


sparse matrix operator: 
1 0 (1,0)
2 1 (1.41421,0)
3 2 (1.73205,0)
4 3 (2,0)
5 4 (2.23607,0)
6 5 (2.44949,0)
7 6 (2.64575,0)


diagonal matrix operator: 
diagonal: 8 8
0 0 (0,0)
1 1 (1,0)
2 2 (2,0)
3 3 (3,0)
4 4 (4,0)
5 5 (5,0)
6 6 (6,0)
7 7 (7,0)


diagonal matrix operator: 
diagonal: 8 8
0 0 (0,0)
1 1 (1,0)
2 2 (2,0)
3 3 (3,0)
4 4 (4,0)
5 5 (5,0)
6 6 (6,0)
7 7 (7,0)


I_8
sparse matrix operator: 
0 1 (1,0)
1 2 (1.41421,0)
2 3 (1.73205,0)
3 4 (2,0)
4 5 (2.23607,0)
5 6 (2.44949,0)
6 7 (2.64575,0)


sparse matrix operator: 
1 0 (1,0)
2 1 (1.41421,0)
3 2 (1.73205,0)
4 3 (2,0)
5 4 (2.23607,0)
6 5 (2.44949,0)
7 6 (2.64575,0)


I_25
sparse matrix operator: 
0 1 (1,0)
1 2 (1.41421,0)
2 3 (1.73205,0)
3 4 (2,0)
4 5 (2.23607,0)
5 6 (2.44949,0)
6 7 (2.64575,0)
7 8 (2.82843,0)
8 9 (3,0)
9 10 (3.16228,0)
10 11 (3.31662,0)
11 12 (3.4641,0)
12 13 (3.60555,0)
13 14 (3.74166,0)
14 15 (3.87298,0)
15 16 (4,0)
16 17 (4.12311,0)
17 18 (4.24264,0)
18 19 (4.3589,0)
19 20 (4.47214,0)
20 21 (4.58258,0)
21 22 (4.69042,0)
22 23 (4.79583,0)
23 24 (4.89898,0)


diagonal matrix operator: 
diagonal: 25 25
0 0 (0,0)
1 1 (1,0)
2 2 (2,0)
3 3 (3,0)
4 4 (4,0)
5 5 (5,0)
6 6 (6,0)
7 7 (7,0)
8 8 (8,0)
9 9 (9,0)
10 10 (10,0)
11 11 (11,0)
12 12 (12,0)
13 13 (13,0)
14 14 (14,0)
15 15 (15,0)
16 16 (16,0)
17 17 (17,0)
18 18 (18,0)
19 19 (19,0)
20 20 (20,0)
21 21 (21,0)
22 22 (22,0)
23 23 (23,0)
24 24 (24,0)


sparse matrix operator: 
1 0 (1,0)
2 1 (1.41421,0)
3 2 (1.73205,0)
4 3 (2,0)
5 4 (2.23607,0)
6 5 (2.44949,0)
7 6 (2.64575,0)
8 7 (2.82843,0)
9 8 (3,0)
10 9 (3.16228,0)
11 10 (3.31662,0)
12 11 (3.4641,0)
13 12 (3.60555,0)
14 13 (3.74166,0)
15 14 (3.87298,0)
16 15 (4,0)
17 16 (4.12311,0)
18 17 (4.24264,0)
19 18 (4.3589,0)
20 19 (4.47214,0)
21 20 (4.58258,0)
22 21 (4.69042,0)
23 22 (4.79583,0)
24 23 (4.89898,0)


I_25
sparse matrix operator: 
0 1 (1,0)
1 2 (1.41421,0)
2 3 (1.73205,0)
3 4 (2,0)
4 5 (2.23607,0)
5 6 (2.44949,0)
6 7 (2.64575,0)
7 8 (2.82843,0)
8 9 (3,0)
9 10 (3.16228,0)
10 11 (3.31662,0)
11 12 (3.4641,0)
12 13 (3.60555,0)
13 14 (3.74166,0)
14 15 (3.87298,0)
15 16 (4,0)
16 17 (4.12311,0)
17 18 (4.24264,0)
18 19 (4.3589,0)
19 20 (4.47214,0)
20 21 (4.58258,0)
21 22 (4.69042,0)
22 23 (4.79583,0)
23 24 (4.89898,0)


diagonal matrix operator: 
diagonal: 25 25
0 0 (0,0)
1 1 (1,0)
2 2 (2,0)
3 3 (3,0)
4 4 (4,0)
5 5 (5,0)
6 6 (6,0)
7 7 (7,0)
8 8 (8,0)
9 9 (9,0)
10 10 (10,0)
11 11 (11,0)
12 12 (12,0)
13 13 (13,0)
14 14 (14,0)
15 15 (15,0)
16 16 (16,0)
17 17 (17,0)
18 18 (18,0)
19 19 (19,0)
20 20 (20,0)
21 21 (21,0)
22 22 (22,0)
23 23 (23,0)
24 24 (24,0)


sparse matrix operator: 
1 0 (1,0)
2 1 (1.41421,0)
3 2 (1.73205,0)
4 3 (2,0)
5 4 (2.23607,0)
6 5 (2.44949,0)
7 6 (2.64575,0)
8 7 (2.82843,0)
9 8 (3,0)
10 9 (3.16228,0)
11 10 (3.31662,0)
12 11 (3.4641,0)
13 12 (3.60555,0)
14 13 (3.74166,0)
15 14 (3.87298,0)
16 15 (4,0)
17 16 (4.12311,0)
18 17 (4.24264,0)
19 18 (4.3589,0)
20 19 (4.47214,0)
21 20 (4.58258,0)
22 21 (4.69042,0)
23 22 (4.79583,0)
24 23 (4.89898,0)


Traceback (most recent call last):
  File "/home/lachlan/Refactor/ttns_lib/examples/spin_boson_model/sbm_heom.py", line 239, in <module>
    sbm_dynamics(args.alpha, args.wc, args.s, args.eps, args.delta, args.chi, args.nbose, args.dt, beta = args.beta, nstep = nstep, geom=args.geom, ofname = args.fname, nunoccupied=args.nunoccupied, spawning_threshold=args.spawning_threshold, unoccupied_threshold = args.unoccupied_threshold, adaptive = args.subspace, degree = args.degree, aaa_tol=args.aaatol, nbose_min=8)
  File "/home/lachlan/Refactor/ttns_lib/examples/spin_boson_model/sbm_heom.py", line 170, in sbm_dynamics
    sweep.step(A, h)
KeyboardInterrupt
