ntree : (1(2(2))(20(20(20(20(20(10(10))(10(10)))(20(10(10))(10(10))))(20(20(10(10))(10(10)))(20(10(10))(10(10)))))(20(20(20(10(10))(10(10)))(20(10(10))(10(10))))(20(20(10(10))(10(10)))(20(10(10))(10(10))))))(20(20(20(20(10(10))(10(10)))(20(10(10))(10(10))))(20(20(10(10))(10(10)))(20(10(10))(10(10)))))(20(20(20(10(10))(10(10)))(20(10(10))(10(10))))(20(20(10(10))(10(10)))(20(10(10))(10(10)))))))(20(20(20(20(20(10(10))(10(10)))(20(10(10))(10(10))))(20(20(10(10))(10(10)))(20(10(10))(10(10)))))(20(20(20(10(10))(10(10)))(20(10(10))(10(10))))(20(20(10(10))(10(10)))(20(10(10))(10(10))))))(20(20(20(20(10(10))(10(10)))(20(10(10))(10(10))))(20(20(10(10))(10(10)))(20(10(10))(10(10)))))(20(20(20(10(10))(10(10)))(20(10(10))(10(10))))(20(20(10(10))(10(10)))(20(10(10))(10(10))))))));

<class 'pyttn._pyttn.ops.site_operator_complex'>
0.001 0.49999900192013613
0.002 0.49999603053302194
0.003 0.49999115281263434
0.004 0.49998447525588174
0.005 0.4999761368837175
0.006 0.4999663007058019
0.007 0.49995514464685276
0.008 0.4999428529089774
0.009000000000000001 0.49992960858096847
0.01 0.4999155880486682
0.011 0.4999009574634078
0.012 0.49988587123748335
0.013000000000000001 0.49987047230381687
0.014 0.49985489371559577
0.015 0.49983926108210597
0.016 0.4998236953272956
0.017 0.49980831529982317
