0 Id index2
1 Id index2
2 Id index2
3 Id index2
4 Id index2
5 Id index2
6 Id index2
7 Id index2
8 Id index2
9 Id index2
10 Id index2
11 Id index2
12 Id index2
13 Id index2
14 Id index2
15 Id index2
16 Id index2
17 Id index2
18 Id index2
19 Id index2
20 Id index2
21 Id index2
22 Id index2
23 Id index2
24 Id index2
25 Id index2
26 Id index2
27 Id index2
28 Id index2
29 Id index2
30 Id index2
31 Id index2
32 Id index2
2 3 id_0
1 3 sx_0
0 3 sz_0
2 3 id_1
1 3 n_1
0 3 q_1
2 3 id_2
1 3 n_2
0 3 q_2
2 3 id_3
1 3 n_3
0 3 q_3
2 3 id_4
1 3 n_4
0 3 q_4
2 3 id_5
0 3 q_5
1 3 n_5
2 3 id_6
0 3 q_6
1 3 n_6
2 3 id_7
1 3 n_7
0 3 q_7
2 3 id_8
1 3 n_8
0 3 q_8
2 3 id_9
0 3 q_9
1 3 n_9
2 3 id_10
1 3 n_10
0 3 q_10
2 3 id_11
0 3 q_11
1 3 n_11
2 3 id_12
0 3 q_12
1 3 n_12
2 3 id_13
0 3 q_13
1 3 n_13
2 3 id_14
1 3 n_14
0 3 q_14
2 3 id_15
0 3 q_15
1 3 n_15
2 3 id_16
1 3 n_16
0 3 q_16
2 3 id_17
1 3 n_17
0 3 q_17
2 3 id_18
1 3 n_18
0 3 q_18
2 3 id_19
1 3 n_19
0 3 q_19
2 3 id_20
1 3 n_20
0 3 q_20
2 3 id_21
0 3 q_21
1 3 n_21
2 3 id_22
0 3 q_22
1 3 n_22
2 3 id_23
0 3 q_23
1 3 n_23
2 3 id_24
1 3 n_24
0 3 q_24
2 3 id_25
1 3 n_25
0 3 q_25
2 3 id_26
0 3 q_26
1 3 n_26
2 3 id_27
0 3 q_27
1 3 n_27
2 3 id_28
1 3 n_28
0 3 q_28
2 3 id_29
0 3 q_29
1 3 n_29
2 3 id_30
1 3 n_30
0 3 q_30
2 3 id_31
1 3 n_31
0 3 q_31
2 3 id_32
0 3 q_32
1 3 n_32
identity index 2 32
2 3 4 5 6 7 8 9 10 11 12 13 14 15 16 17 18 19 20 21 22 23 24 25 26 27 28 29 30 31 32 33 34 35 36 37 38 39 40 41 42 43 44 45 46 47 48 49 50 51 52 53 54 55 56 57 58 59 60 61 62 63 64 65 
1 
0 
identity index 2 31
0 1 2 3 4 5 6 7 8 9 10 11 12 13 14 15 16 17 18 19 20 21 22 23 24 25 26 27 28 29 30 31 32 33 34 35 36 37 38 39 40 41 42 43 44 45 46 47 48 49 51 52 54 55 56 57 58 59 60 61 62 63 64 65 
53 
50 
identity index 2 30
0 1 2 3 4 5 6 7 8 9 10 11 12 13 14 15 16 18 19 20 21 22 23 24 25 26 27 28 29 30 31 32 33 34 35 36 37 38 39 40 41 42 43 44 45 46 47 48 49 50 51 52 53 54 55 56 57 58 60 61 62 63 64 65 
59 
17 
identity index 2 29
0 1 3 4 5 6 7 8 9 10 11 12 13 14 15 16 17 18 19 20 21 22 23 24 25 26 27 28 29 30 31 32 33 34 35 36 37 38 39 40 41 42 43 44 45 46 47 48 49 50 51 52 53 54 55 56 57 58 59 60 61 62 63 64 
65 
2 
identity index 2 28
0 1 2 3 4 5 6 7 8 9 10 11 12 13 14 15 16 17 18 19 20 21 22 23 24 25 26 27 28 29 30 31 32 33 34 35 36 37 38 40 41 42 43 44 45 46 47 48 49 50 51 52 53 54 55 56 57 58 59 60 61 62 64 65 
63 
39 
identity index 2 27
0 1 2 3 4 5 6 7 8 9 10 11 12 13 14 15 16 17 18 19 20 21 22 23 24 25 26 27 28 29 30 31 32 33 34 35 36 37 38 39 41 42 43 44 45 46 47 48 49 50 51 52 53 54 55 56 57 58 59 60 62 63 64 65 
61 
40 
identity index 2 26
0 1 2 3 4 5 6 7 8 9 10 11 12 13 14 15 16 17 18 19 20 21 22 23 24 25 26 27 28 29 30 31 32 33 34 35 36 37 38 39 40 41 42 43 44 45 46 47 48 49 50 51 52 53 55 56 57 58 59 61 62 63 64 65 
60 
54 
identity index 2 25
0 1 2 3 4 5 6 7 8 9 10 11 12 13 14 15 16 17 18 19 20 21 23 24 25 26 27 28 29 31 32 33 34 35 36 37 38 39 40 41 42 43 44 45 46 47 48 49 50 51 52 53 54 55 56 57 58 59 60 61 62 63 64 65 
30 
22 
identity index 2 24
0 1 2 3 4 5 6 7 8 9 10 11 12 13 14 15 16 17 18 19 20 21 22 23 24 25 26 27 28 29 30 31 33 34 35 36 37 38 39 40 41 42 43 44 45 46 47 48 49 50 51 52 53 54 55 56 57 59 60 61 62 63 64 65 
58 
32 
identity index 2 23
0 1 2 3 4 5 6 7 8 9 10 11 12 13 14 15 16 17 18 19 20 21 22 23 24 25 26 27 28 29 30 31 32 33 34 36 37 38 39 40 41 42 43 44 45 46 47 48 49 50 51 52 53 54 55 56 58 59 60 61 62 63 64 65 
57 
35 
identity index 2 22
0 1 2 3 4 5 6 8 9 10 11 12 14 15 16 17 18 19 20 21 22 23 24 25 26 27 28 29 30 31 32 33 34 35 36 37 38 39 40 41 42 43 44 45 46 47 48 49 50 51 52 53 54 55 56 57 58 59 60 61 62 63 64 65 
13 
7 
identity index 2 21
0 1 2 3 4 5 6 7 8 9 10 11 12 13 14 15 16 17 18 19 20 21 22 23 24 25 26 27 28 29 30 31 32 33 34 35 36 38 39 40 41 42 43 44 45 46 47 48 49 50 51 52 53 54 55 57 58 59 60 61 62 63 64 65 
56 
37 
identity index 2 20
0 1 2 3 4 5 6 7 8 9 10 11 12 13 14 15 16 17 18 19 20 21 22 23 24 26 27 28 29 30 31 32 33 34 35 37 38 39 40 41 42 43 44 45 46 47 48 49 50 51 52 53 54 55 56 57 58 59 60 61 62 63 64 65 
36 
25 
identity index 2 19
0 1 2 3 4 5 6 7 8 9 10 11 12 13 14 15 16 17 18 19 20 21 22 23 24 25 26 27 28 29 30 31 32 33 34 35 36 37 38 39 40 41 42 43 44 45 46 47 48 49 50 53 54 55 56 57 58 59 60 61 62 63 64 65 
52 
51 
identity index 2 18
0 1 2 3 4 5 6 7 8 9 10 11 12 13 14 15 16 17 18 19 20 21 22 23 24 25 26 27 28 29 30 31 32 33 34 35 36 37 38 39 40 41 42 43 44 45 46 48 50 51 52 53 54 55 56 57 58 59 60 61 62 63 64 65 
49 
47 
identity index 2 17
0 1 2 3 4 5 6 7 8 9 10 11 13 14 15 16 17 18 19 21 22 23 24 25 26 27 28 29 30 31 32 33 34 35 36 37 38 39 40 41 42 43 44 45 46 47 48 49 50 51 52 53 54 55 56 57 58 59 60 61 62 63 64 65 
20 
12 
identity index 2 16
0 1 2 3 4 5 6 7 8 9 10 11 12 13 14 15 16 17 18 19 20 21 22 23 24 25 26 27 28 29 30 31 32 33 34 35 36 37 38 39 40 41 42 45 46 47 48 49 50 51 52 53 54 55 56 57 58 59 60 61 62 63 64 65 
44 
43 
identity index 2 15
0 1 2 3 4 5 6 7 8 9 10 11 12 13 14 15 16 17 18 19 20 21 22 23 24 25 27 28 29 30 31 32 33 34 35 36 37 38 39 40 41 42 43 44 45 47 48 49 50 51 52 53 54 55 56 57 58 59 60 61 62 63 64 65 
46 
26 
identity index 2 14
0 1 2 3 4 5 6 7 8 10 11 12 13 14 15 16 17 18 19 20 21 22 23 24 25 26 27 28 29 30 31 32 33 34 35 36 37 38 39 40 41 42 43 44 46 47 48 49 50 51 52 53 54 55 56 57 58 59 60 61 62 63 64 65 
45 
9 
identity index 2 13
0 1 2 3 4 5 6 7 8 9 11 12 13 14 15 16 17 18 19 20 21 22 23 24 25 26 27 28 29 30 31 32 33 34 35 36 37 39 40 41 42 43 44 45 46 47 48 49 50 51 52 53 54 55 56 57 58 59 60 61 62 63 64 65 
38 
10 
identity index 2 12
0 1 2 4 5 6 7 8 9 10 11 12 13 14 15 16 17 18 19 20 21 22 23 24 25 26 28 29 30 31 32 33 34 35 36 37 38 39 40 41 42 43 44 45 46 47 48 49 50 51 52 53 54 55 56 57 58 59 60 61 62 63 64 65 
27 
3 
identity index 2 11
0 1 2 3 5 7 8 9 10 11 12 13 14 15 16 17 18 19 20 21 22 23 24 25 26 27 28 29 30 31 32 33 34 35 36 37 38 39 40 41 42 43 44 45 46 47 48 49 50 51 52 53 54 55 56 57 58 59 60 61 62 63 64 65 
6 
4 
identity index 2 10
0 1 2 3 4 6 7 8 9 10 11 12 13 14 16 17 18 19 20 21 22 23 24 25 26 27 28 29 30 31 32 33 34 35 36 37 38 39 40 41 42 43 44 45 46 47 48 49 50 51 52 53 54 55 56 57 58 59 60 61 62 63 64 65 
15 
5 
identity index 2 9
0 1 2 3 4 5 6 7 8 9 10 11 12 13 14 15 17 18 19 20 22 23 24 25 26 27 28 29 30 31 32 33 34 35 36 37 38 39 40 41 42 43 44 45 46 47 48 49 50 51 52 53 54 55 56 57 58 59 60 61 62 63 64 65 
21 
16 
identity index 2 8
0 1 2 3 4 5 6 7 9 10 11 12 13 14 15 16 17 18 19 20 21 22 23 25 26 27 28 29 30 31 32 33 34 35 36 37 38 39 40 41 42 43 44 45 46 47 48 49 50 51 52 53 54 55 56 57 58 59 60 61 62 63 64 65 
24 
8 
identity index 2 7
0 1 2 3 4 5 6 7 8 9 10 11 12 13 15 16 17 18 19 20 21 22 23 24 25 26 27 28 29 30 31 32 33 34 35 36 37 38 39 40 41 42 43 44 45 46 47 48 49 50 51 52 53 54 56 57 58 59 60 61 62 63 64 65 
55 
14 
identity index 2 6
0 1 2 3 4 5 6 7 8 9 10 11 12 13 14 15 16 17 18 19 20 21 22 24 25 26 27 28 29 30 31 32 33 34 35 36 37 38 39 40 42 43 44 45 46 47 48 49 50 51 52 53 54 55 56 57 58 59 60 61 62 63 64 65 
41 
23 
identity index 2 5
0 1 2 3 4 5 6 7 8 9 10 11 12 13 14 15 16 17 18 19 20 21 22 23 24 25 26 27 29 30 31 32 33 34 35 36 37 38 39 40 41 42 43 44 45 46 47 48 49 50 51 52 53 54 55 56 57 58 59 60 61 62 63 65 
64 
28 
identity index 2 4
0 1 2 3 4 5 6 7 8 9 10 11 12 13 14 15 16 17 18 20 21 22 23 24 25 26 27 28 29 30 31 32 33 34 35 36 37 38 39 40 41 43 44 45 46 47 48 49 50 51 52 53 54 55 56 57 58 59 60 61 62 63 64 65 
42 
19 
identity index 2 3
0 1 2 3 4 5 6 7 8 9 10 11 12 13 14 15 16 17 18 19 20 21 22 23 24 25 26 27 28 29 30 32 33 35 36 37 38 39 40 41 42 43 44 45 46 47 48 49 50 51 52 53 54 55 56 57 58 59 60 61 62 63 64 65 
34 
31 
identity index 2 2
0 1 2 3 4 5 6 7 8 9 10 11 12 13 14 15 16 17 18 19 20 21 22 23 24 25 26 27 28 29 30 31 32 34 35 36 37 38 39 40 41 42 43 44 45 46 47 48 49 50 51 52 53 54 55 56 57 58 59 60 61 63 64 65 
62 
33 
identity index 2 1
0 1 2 3 4 5 6 7 8 9 10 12 13 14 15 16 17 18 19 20 21 22 23 24 25 26 27 28 30 31 32 33 34 35 36 37 38 39 40 41 42 43 44 45 46 47 48 49 50 51 52 53 54 55 56 57 58 59 60 61 62 63 64 65 
29 
11 
identity index 2 0
0 2 3 4 7 10 15 16 20 23 24 26 28 29 30 34 35 36 37 40 42 44 45 49 52 53 54 55 58 59 62 63 
48 
1 5 6 8 9 11 12 13 14 17 18 19 21 22 25 27 31 32 33 38 39 41 43 46 47 50 51 56 57 60 61 64 65 
2 3 id_0
2 3 id_0
id_0
0 2 3 4 7 10 15 16 20 23 24 26 28 29 30 34 35 36 37 40 42 44 45 49 52 53 54 55 58 59 62 63 
1 3 sx_0
1 3 sx_0
sx_0
48 
0 3 sz_0
0 3 sz_0
sz_0
1 5 6 8 9 11 12 13 14 17 18 19 21 22 25 27 31 32 33 38 39 41 43 46 47 50 51 56 57 60 61 64 65 
2 3 id_1
2 3 id_1
id_1
0 1 2 3 4 5 6 7 8 9 10 12 13 14 15 16 17 18 19 20 21 22 23 24 25 26 27 28 30 31 32 33 34 35 36 37 38 39 40 41 42 43 44 45 46 47 48 49 50 51 52 53 54 55 56 57 58 59 60 61 62 63 64 65 
1 3 n_1
1 3 n_1
n_1
29 
0 3 q_1
0 3 q_1
q_1
11 
2 3 id_2
2 3 id_2
id_2
0 1 2 3 4 5 6 7 8 9 10 11 12 13 14 15 16 17 18 19 20 21 22 23 24 25 26 27 28 29 30 31 32 34 35 36 37 38 39 40 41 42 43 44 45 46 47 48 49 50 51 52 53 54 55 56 57 58 59 60 61 63 64 65 
1 3 n_2
1 3 n_2
n_2
62 
0 3 q_2
0 3 q_2
q_2
33 
2 3 id_3
2 3 id_3
id_3
0 1 2 3 4 5 6 7 8 9 10 11 12 13 14 15 16 17 18 19 20 21 22 23 24 25 26 27 28 29 30 32 33 35 36 37 38 39 40 41 42 43 44 45 46 47 48 49 50 51 52 53 54 55 56 57 58 59 60 61 62 63 64 65 
1 3 n_3
1 3 n_3
n_3
34 
0 3 q_3
0 3 q_3
q_3
31 
2 3 id_4
2 3 id_4
id_4
0 1 2 3 4 5 6 7 8 9 10 11 12 13 14 15 16 17 18 20 21 22 23 24 25 26 27 28 29 30 31 32 33 34 35 36 37 38 39 40 41 43 44 45 46 47 48 49 50 51 52 53 54 55 56 57 58 59 60 61 62 63 64 65 
1 3 n_4
1 3 n_4
n_4
42 
0 3 q_4
0 3 q_4
q_4
19 
2 3 id_5
2 3 id_5
id_5
0 1 2 3 4 5 6 7 8 9 10 11 12 13 14 15 16 17 18 19 20 21 22 23 24 25 26 27 29 30 31 32 33 34 35 36 37 38 39 40 41 42 43 44 45 46 47 48 49 50 51 52 53 54 55 56 57 58 59 60 61 62 63 65 
0 3 q_5
0 3 q_5
q_5
64 
1 3 n_5
1 3 n_5
n_5
28 
2 3 id_6
2 3 id_6
id_6
0 1 2 3 4 5 6 7 8 9 10 11 12 13 14 15 16 17 18 19 20 21 22 24 25 26 27 28 29 30 31 32 33 34 35 36 37 38 39 40 42 43 44 45 46 47 48 49 50 51 52 53 54 55 56 57 58 59 60 61 62 63 64 65 
0 3 q_6
0 3 q_6
q_6
41 
1 3 n_6
1 3 n_6
n_6
23 
2 3 id_7
2 3 id_7
id_7
0 1 2 3 4 5 6 7 8 9 10 11 12 13 15 16 17 18 19 20 21 22 23 24 25 26 27 28 29 30 31 32 33 34 35 36 37 38 39 40 41 42 43 44 45 46 47 48 49 50 51 52 53 54 56 57 58 59 60 61 62 63 64 65 
1 3 n_7
1 3 n_7
n_7
55 
0 3 q_7
0 3 q_7
q_7
14 
2 3 id_8
2 3 id_8
id_8
0 1 2 3 4 5 6 7 9 10 11 12 13 14 15 16 17 18 19 20 21 22 23 25 26 27 28 29 30 31 32 33 34 35 36 37 38 39 40 41 42 43 44 45 46 47 48 49 50 51 52 53 54 55 56 57 58 59 60 61 62 63 64 65 
1 3 n_8
1 3 n_8
n_8
24 
0 3 q_8
0 3 q_8
q_8
8 
2 3 id_9
2 3 id_9
id_9
0 1 2 3 4 5 6 7 8 9 10 11 12 13 14 15 17 18 19 20 22 23 24 25 26 27 28 29 30 31 32 33 34 35 36 37 38 39 40 41 42 43 44 45 46 47 48 49 50 51 52 53 54 55 56 57 58 59 60 61 62 63 64 65 
0 3 q_9
0 3 q_9
q_9
21 
1 3 n_9
1 3 n_9
n_9
16 
2 3 id_10
2 3 id_10
id_10
0 1 2 3 4 6 7 8 9 10 11 12 13 14 16 17 18 19 20 21 22 23 24 25 26 27 28 29 30 31 32 33 34 35 36 37 38 39 40 41 42 43 44 45 46 47 48 49 50 51 52 53 54 55 56 57 58 59 60 61 62 63 64 65 
1 3 n_10
1 3 n_10
n_10
15 
0 3 q_10
0 3 q_10
q_10
5 
2 3 id_11
2 3 id_11
id_11
0 1 2 3 5 7 8 9 10 11 12 13 14 15 16 17 18 19 20 21 22 23 24 25 26 27 28 29 30 31 32 33 34 35 36 37 38 39 40 41 42 43 44 45 46 47 48 49 50 51 52 53 54 55 56 57 58 59 60 61 62 63 64 65 
0 3 q_11
0 3 q_11
q_11
6 
1 3 n_11
1 3 n_11
n_11
4 
2 3 id_12
2 3 id_12
id_12
0 1 2 4 5 6 7 8 9 10 11 12 13 14 15 16 17 18 19 20 21 22 23 24 25 26 28 29 30 31 32 33 34 35 36 37 38 39 40 41 42 43 44 45 46 47 48 49 50 51 52 53 54 55 56 57 58 59 60 61 62 63 64 65 
0 3 q_12
0 3 q_12
q_12
27 
1 3 n_12
1 3 n_12
n_12
3 
2 3 id_13
2 3 id_13
id_13
0 1 2 3 4 5 6 7 8 9 11 12 13 14 15 16 17 18 19 20 21 22 23 24 25 26 27 28 29 30 31 32 33 34 35 36 37 39 40 41 42 43 44 45 46 47 48 49 50 51 52 53 54 55 56 57 58 59 60 61 62 63 64 65 
0 3 q_13
0 3 q_13
q_13
38 
1 3 n_13
1 3 n_13
n_13
10 
2 3 id_14
2 3 id_14
id_14
0 1 2 3 4 5 6 7 8 10 11 12 13 14 15 16 17 18 19 20 21 22 23 24 25 26 27 28 29 30 31 32 33 34 35 36 37 38 39 40 41 42 43 44 46 47 48 49 50 51 52 53 54 55 56 57 58 59 60 61 62 63 64 65 
1 3 n_14
1 3 n_14
n_14
45 
0 3 q_14
0 3 q_14
q_14
9 
2 3 id_15
2 3 id_15
id_15
0 1 2 3 4 5 6 7 8 9 10 11 12 13 14 15 16 17 18 19 20 21 22 23 24 25 27 28 29 30 31 32 33 34 35 36 37 38 39 40 41 42 43 44 45 47 48 49 50 51 52 53 54 55 56 57 58 59 60 61 62 63 64 65 
0 3 q_15
0 3 q_15
q_15
46 
1 3 n_15
1 3 n_15
n_15
26 
2 3 id_16
2 3 id_16
id_16
0 1 2 3 4 5 6 7 8 9 10 11 12 13 14 15 16 17 18 19 20 21 22 23 24 25 26 27 28 29 30 31 32 33 34 35 36 37 38 39 40 41 42 45 46 47 48 49 50 51 52 53 54 55 56 57 58 59 60 61 62 63 64 65 
1 3 n_16
1 3 n_16
n_16
44 
0 3 q_16
0 3 q_16
q_16
43 
2 3 id_17
2 3 id_17
id_17
0 1 2 3 4 5 6 7 8 9 10 11 13 14 15 16 17 18 19 21 22 23 24 25 26 27 28 29 30 31 32 33 34 35 36 37 38 39 40 41 42 43 44 45 46 47 48 49 50 51 52 53 54 55 56 57 58 59 60 61 62 63 64 65 
1 3 n_17
1 3 n_17
n_17
20 
0 3 q_17
0 3 q_17
q_17
12 
2 3 id_18
2 3 id_18
id_18
0 1 2 3 4 5 6 7 8 9 10 11 12 13 14 15 16 17 18 19 20 21 22 23 24 25 26 27 28 29 30 31 32 33 34 35 36 37 38 39 40 41 42 43 44 45 46 48 50 51 52 53 54 55 56 57 58 59 60 61 62 63 64 65 
1 3 n_18
1 3 n_18
n_18
49 
0 3 q_18
0 3 q_18
q_18
47 
2 3 id_19
2 3 id_19
id_19
0 1 2 3 4 5 6 7 8 9 10 11 12 13 14 15 16 17 18 19 20 21 22 23 24 25 26 27 28 29 30 31 32 33 34 35 36 37 38 39 40 41 42 43 44 45 46 47 48 49 50 53 54 55 56 57 58 59 60 61 62 63 64 65 
1 3 n_19
1 3 n_19
n_19
52 
0 3 q_19
0 3 q_19
q_19
51 
2 3 id_20
2 3 id_20
id_20
0 1 2 3 4 5 6 7 8 9 10 11 12 13 14 15 16 17 18 19 20 21 22 23 24 26 27 28 29 30 31 32 33 34 35 37 38 39 40 41 42 43 44 45 46 47 48 49 50 51 52 53 54 55 56 57 58 59 60 61 62 63 64 65 
1 3 n_20
1 3 n_20
n_20
36 
0 3 q_20
0 3 q_20
q_20
25 
2 3 id_21
2 3 id_21
id_21
0 1 2 3 4 5 6 7 8 9 10 11 12 13 14 15 16 17 18 19 20 21 22 23 24 25 26 27 28 29 30 31 32 33 34 35 36 38 39 40 41 42 43 44 45 46 47 48 49 50 51 52 53 54 55 57 58 59 60 61 62 63 64 65 
0 3 q_21
0 3 q_21
q_21
56 
1 3 n_21
1 3 n_21
n_21
37 
2 3 id_22
2 3 id_22
id_22
0 1 2 3 4 5 6 8 9 10 11 12 14 15 16 17 18 19 20 21 22 23 24 25 26 27 28 29 30 31 32 33 34 35 36 37 38 39 40 41 42 43 44 45 46 47 48 49 50 51 52 53 54 55 56 57 58 59 60 61 62 63 64 65 
0 3 q_22
0 3 q_22
q_22
13 
1 3 n_22
1 3 n_22
n_22
7 
2 3 id_23
2 3 id_23
id_23
0 1 2 3 4 5 6 7 8 9 10 11 12 13 14 15 16 17 18 19 20 21 22 23 24 25 26 27 28 29 30 31 32 33 34 36 37 38 39 40 41 42 43 44 45 46 47 48 49 50 51 52 53 54 55 56 58 59 60 61 62 63 64 65 
0 3 q_23
0 3 q_23
q_23
57 
1 3 n_23
1 3 n_23
n_23
35 
2 3 id_24
2 3 id_24
id_24
0 1 2 3 4 5 6 7 8 9 10 11 12 13 14 15 16 17 18 19 20 21 22 23 24 25 26 27 28 29 30 31 33 34 35 36 37 38 39 40 41 42 43 44 45 46 47 48 49 50 51 52 53 54 55 56 57 59 60 61 62 63 64 65 
1 3 n_24
1 3 n_24
n_24
58 
0 3 q_24
0 3 q_24
q_24
32 
2 3 id_25
2 3 id_25
id_25
0 1 2 3 4 5 6 7 8 9 10 11 12 13 14 15 16 17 18 19 20 21 23 24 25 26 27 28 29 31 32 33 34 35 36 37 38 39 40 41 42 43 44 45 46 47 48 49 50 51 52 53 54 55 56 57 58 59 60 61 62 63 64 65 
1 3 n_25
1 3 n_25
n_25
30 
0 3 q_25
0 3 q_25
q_25
22 
2 3 id_26
2 3 id_26
id_26
0 1 2 3 4 5 6 7 8 9 10 11 12 13 14 15 16 17 18 19 20 21 22 23 24 25 26 27 28 29 30 31 32 33 34 35 36 37 38 39 40 41 42 43 44 45 46 47 48 49 50 51 52 53 55 56 57 58 59 61 62 63 64 65 
0 3 q_26
0 3 q_26
q_26
60 
1 3 n_26
1 3 n_26
n_26
54 
2 3 id_27
2 3 id_27
id_27
0 1 2 3 4 5 6 7 8 9 10 11 12 13 14 15 16 17 18 19 20 21 22 23 24 25 26 27 28 29 30 31 32 33 34 35 36 37 38 39 41 42 43 44 45 46 47 48 49 50 51 52 53 54 55 56 57 58 59 60 62 63 64 65 
0 3 q_27
0 3 q_27
q_27
61 
1 3 n_27
1 3 n_27
n_27
40 
2 3 id_28
2 3 id_28
id_28
0 1 2 3 4 5 6 7 8 9 10 11 12 13 14 15 16 17 18 19 20 21 22 23 24 25 26 27 28 29 30 31 32 33 34 35 36 37 38 40 41 42 43 44 45 46 47 48 49 50 51 52 53 54 55 56 57 58 59 60 61 62 64 65 
1 3 n_28
1 3 n_28
n_28
63 
0 3 q_28
0 3 q_28
q_28
39 
2 3 id_29
2 3 id_29
id_29
0 1 3 4 5 6 7 8 9 10 11 12 13 14 15 16 17 18 19 20 21 22 23 24 25 26 27 28 29 30 31 32 33 34 35 36 37 38 39 40 41 42 43 44 45 46 47 48 49 50 51 52 53 54 55 56 57 58 59 60 61 62 63 64 
0 3 q_29
0 3 q_29
q_29
65 
1 3 n_29
1 3 n_29
n_29
2 
2 3 id_30
2 3 id_30
id_30
0 1 2 3 4 5 6 7 8 9 10 11 12 13 14 15 16 18 19 20 21 22 23 24 25 26 27 28 29 30 31 32 33 34 35 36 37 38 39 40 41 42 43 44 45 46 47 48 49 50 51 52 53 54 55 56 57 58 60 61 62 63 64 65 
1 3 n_30
1 3 n_30
n_30
59 
0 3 q_30
0 3 q_30
q_30
17 
2 3 id_31
2 3 id_31
id_31
0 1 2 3 4 5 6 7 8 9 10 11 12 13 14 15 16 17 18 19 20 21 22 23 24 25 26 27 28 29 30 31 32 33 34 35 36 37 38 39 40 41 42 43 44 45 46 47 48 49 51 52 54 55 56 57 58 59 60 61 62 63 64 65 
1 3 n_31
1 3 n_31
n_31
53 
0 3 q_31
0 3 q_31
q_31
50 
2 3 id_32
2 3 id_32
id_32
2 3 4 5 6 7 8 9 10 11 12 13 14 15 16 17 18 19 20 21 22 23 24 25 26 27 28 29 30 31 32 33 34 35 36 37 38 39 40 41 42 43 44 45 46 47 48 49 50 51 52 53 54 55 56 57 58 59 60 61 62 63 64 65 
0 3 q_32
0 3 q_32
q_32
1 
1 3 n_32
1 3 n_32
n_32
0 
