(-1.143628135993571+0j)
(-1.1460640009646592+0j)
(-1.1466322728372529+0j)
9.999999722180696e-10 0 2 0.9999466420065007
1.0474597412367427e-09 1 2 0.9999974675777484
1.0971719399920626e-09 2 2 0.9999973473896794
1.1492434682818487e-09 3 2 0.9999972214977177
1.2037862993437655e-09 4 2 0.9999970896308126
1.2609177206395872e-09 5 2 0.9999969515055864
1.3207605860670662e-09 6 2 0.9999968068250401
1.3834435801417007e-09 7 2 0.999996655277955
1.44910149471651e-09 8 2 0.9999964965385348
1.5178755188348628e-09 9 2 0.9999963302652731
1.5899135423396804e-09 10 2 0.9999961561009496
1.665370473891808e-09 11 2 0.99999597367083
1.7444085740815195e-09 12 2 0.9999957825827885
1.8271978043493886e-09 13 2 0.9999955824254451
1.9139161924668728e-09 14 2 0.9999953727691472
2.0047502153625085e-09 15 2 0.9999951531623923
2.0998952001169926e-09 16 2 0.9999949231331943
2.1995557439893182e-09 17 2 0.9999946821871216
2.303946154377331e-09 18 2 0.9999944298057198
2.4132909096586744e-09 19 2 0.9999941654464827
2.5278251419031443e-09 20 2 0.9999938885409123
2.6477951424944543e-09 21 2 0.9999935984933296
2.7734588917487395e-09 22 2 0.9999932946805352
2.905086613668534e-09 23 2 0.9999929764488682
3.042961357025344e-09 24 2 0.9999926431142133
3.1873796040202095e-09 25 2 0.9999922939596968
3.3386519078311662e-09 26 2 0.9999919282345319
3.4971035604186026e-09 27 2 0.999991545152419
3.6630752920244042e-09 28 2 0.999991143889216
3.836924003869272e-09 29 2 0.9999907235824904
4.019023535623625e-09 30 2 0.9999902833283175
4.209765469302519e-09 31 2 0.9999898221800353
4.409559971313214e-09 32 2 0.9999893391462392
4.618836674466115e-09 33 2 0.9999888331877778
4.838045601845835e-09 34 2 0.9999883032169996
5.06765813452878e-09 35 2 0.9999877480943485
5.308168025228573e-09 36 2 0.9999871666261367
5.5600924600487526e-09 37 2 0.999986557561722
5.823973170626012e-09 38 2 0.9999859195920651
6.100377599055594e-09 39 2 0.9999852513447892
6.3899001181035765e-09 40 2 0.9999845513834189
6.6931633093303325e-09 41 2 0.9999838182023886
7.010819301873355e-09 42 2 0.9999830502255638
7.343551174768398e-09 43 2 0.9999822458013798
7.692074425824459e-09 44 2 0.9999814032005218
8.057138510211192e-09 45 2 0.9999805206104456
8.439528452067474e-09 46 2 0.9999795961343273
8.840066532596218e-09 47 2 0.9999786277835454
9.25961405827608e-09 48 2 0.9999776134763004
9.699073212991927e-09 49 2 0.9999765510313213
1.0159388998066965e-08 50 2 0.9999754381644737
1.0641551264368515e-08 51 2 0.9999742724830373
1.1146596840856691e-08 52 2 0.9999730514801727
1.1675611764153847e-08 53 2 0.999971772530604
1.2229733613928695e-08 54 2 0.9999704328843138
1.2810153959117197e-08 55 2 0.9999690296610246
1.341812092024051e-08 56 2 0.9999675598436031
1.4054941853330141e-08 57 2 0.9999660202717852
1.4721986161231087e-08 58 2 0.9999644076349452
1.5420688238329206e-08 59 2 0.9999627184662115
1.61525505550344e-08 60 2 0.9999609491333962
1.6919146888652647e-08 61 2 0.9999590958322198
1.7722125707594696e-08 62 2 0.999957154578221
1.8563213716197933e-08 63 2 0.9999551211974035
1.9444219567785162e-08 64 2 0.9999529913181089
2.0367037753944054e-08 65 2 0.999950760360721
2.133365267839079e-08 66 2 0.9999484235288831
2.234614292417839e-08 67 2 0.9999459757983368
2.3406685723425536e-08 68 2 0.9999434119065085
2.451756163917808e-08 69 2 0.9999407263411135
2.5681159469469683e-08 70 2 0.9999379133285182
2.6899981384128833e-08 71 2 0.9999349668208233
2.8176648305376992e-08 72 2 0.9999318804834331
2.9513905543788563e-08 73 2 0.9999286476810076
3.091462870173268e-08 74 2 0.9999252614635233
3.238182985698972e-08 75 2 0.9999217145513123
3.391866403984185e-08 76 2 0.9999179993191827
3.552843601756403e-08 77 2 0.9999141077801003
3.7214607400905415e-08 78 2 0.9999100315684427
3.898080408784232e-08 79 2 0.9999057619214479
4.083082406061058e-08 80 2 0.999901289660724
4.276864555278155e-08 81 2 0.9998966051724357
4.47984356039469e-08 82 2 0.9998916983868661
4.692455902040573e-08 83 2 0.9998865587563921
4.915158776112362e-08 84 2 0.9998811752332394
5.1484310769147526e-08 85 2 0.9998755362453866
5.392774426961542e-08 86 2 0.9998696296721653
5.648714255650834e-08 87 2 0.9998634428178836
5.9168009291338e-08 88 2 0.9998569623846838
6.197610933806716e-08 89 2 0.9998501744440182
6.491748115971211e-08 90 2 0.9998430644067606
6.799844980328416e-08 91 2 0.9998356169918732
7.122564050099426e-08 92 2 0.9998278161935188
7.46059929169643e-08 93 2 0.9998196452470169
7.8146776070086e-08 94 2 0.9998110865925309
8.185560396511289e-08 95 2 0.999802121837768
8.574045196559969e-08 96 2 0.9997927317180068
8.980967394389795e-08 97 2 0.9997828960553751
9.407202024508244e-08 98 2 0.9997725937152352
9.85366565034433e-08 99 2 0.9997618025607719
1.032131833520016e-07 100 2 0.9997504994059365
1.0811165706743302e-07 101 2 0.9997386599654002
1.132426111947929e-07 102 2 0.9997262588026744
1.1861707919854498e-07 103 2 0.9997132692754953
1.2424661818859975e-07 104 2 0.9996996634789528
1.301433337723833e-07 105 2 0.9996854121854166
1.3631990608637774e-07 106 2 0.9996704847822375
1.4278961706310984e-07 107 2 0.9996548492060228
1.4956637899222268e-07 108 2 0.9996384718740291
1.566647644370436e-07 109 2 0.9996213176123888
1.6410003757098647e-07 110 2 0.9996033495807107
1.7188818700116433e-07 111 2 0.9995845291932819
1.8004596014980215e-07 112 2 0.9995648160367285
1.8859089926737786e-07 113 2 0.9995441677832702
1.975413791549356e-07 114 2 0.9995225401006567
2.069166466766822e-07 115 2 0.9994998865569625
2.167368621478422e-07 116 2 0.9994761585219561
2.2702314268675885e-07 117 2 0.9994513050625732
2.37797607624473e-07 118 2 0.9994252728347615
2.490834260694205e-07 119 2 0.9993980059693547
2.6090486672953284e-07 120 2 0.9993694459528947
2.7328735009886987e-07 121 2 0.9993395315028454
2.8625750312101434e-07 122 2 0.9993081984370772
2.9984321644676026e-07 123 2 0.9992753795368886
3.140737044092317e-07 124 2 0.9992410044038392
3.2897956784539017e-07 125 2 0.9992049993103111
3.4459285989902456e-07 126 2 0.9991672870418458
3.6094715494671704e-07 127 2 0.9991277867336399
3.7807762079500157e-07 128 2 0.9990864136981319
3.9602109430396653e-07 129 2 0.9990430792452483
4.148161605999129e-07 130 2 0.9989976904942299
4.3450323604740316e-07 131 2 0.9989501501762924
4.551246551591225e-07 132 2 0.998900356428324
4.7672476163042985e-07 133 2 0.9988482025771859
4.993500036943566e-07 134 2 0.9987935769135299
5.230490340021031e-07 135 2 0.998736362455611
5.478728142437978e-07 136 2 0.9986764367017515
5.738747247344999e-07 137 2 0.998613671371339
6.011106792010724e-07 138 2 0.9985479321343619
6.296392450167795e-07 139 2 0.9984790783275577
6.595217691421237e-07 140 2 0.9984069626584743
6.908225100427546e-07 141 2 0.9983314308946646
7.236087758681032e-07 142 2 0.9982523215398826
7.579510691878789e-07 143 2 0.9981694654944832
7.939232385976344e-07 144 2 0.9980826857004214
8.316026375194296e-07 145 2 0.997991796770157
8.710702905390266e-07 146 2 0.9978966045985416
9.124110676373213e-07 147 2 0.9977969059566602
9.557138666906363e-07 148 2 0.9976924880677832
1.0010718046323235e-06 149 2 0.9975831281631566
1.0485824176866965e-06 150 2 0.9974685930186193
1.0983478711058984e-06 151 2 0.9973486384691759
1.1504751788606412e-06 152 2 0.9972230089026983
1.2050764337572594e-06 153 2 0.997091436729807
1.2622690484758569e-06 154 2 0.9969536418306291
1.3221760080478646e-06 155 2 0.9968093309763325
1.384926134315877e-06 156 2 0.9966581972250707
1.4506543629444318e-06 157 2 0.9964999192905994
1.5195020335773835e-06 158 2 0.9963341608832533
1.5916171937657582e-06 159 2 0.9961605700215851
1.6671549173196115e-06 160 2 0.9959787783133663
1.7462776377684251e-06 161 2 0.9957884002054005
1.8291554976470324e-06 162 2 0.9955890322000407
1.915966714358119e-06 163 2 0.9953802520377687
2.0068979633979917e-06 164 2 0.9951616178442255
2.102144779769597e-06 165 2 0.9949326672406651
2.2019119784459096e-06 166 2 0.9946929164152344
2.3064140947877772e-06 167 2 0.9944418591554185
2.4158758458631515e-06 168 2 0.9941789658392522
2.530532613659638e-06 169 2 0.9939036823829379
2.6506309512293518e-06 170 2 0.9936154291454206
2.7764291128543182e-06 171 2 0.9933135997863253
2.9081976093723926e-06 172 2 0.9929975600768303
3.0462197898576186e-06 173 2 0.9926666466616414
3.1907924509057903e-06 174 2 0.9923201657701671
3.3422264748352025e-06 175 2 0.9919573918755915
3.50084749817468e-06 176 2 0.9915775663001062
3.666996611876299e-06 177 2 0.9911798957649884
3.84103109475822e-06 178 2 0.990763550882678
4.023325181754491e-06 179 2 0.9903276645912171
4.214270868623708e-06 180 2 0.989871330527873
4.414278754846458e-06 181 2 0.9893936013408523
4.623778926523923e-06 182 2 0.9888934869381433
4.843221881175741e-06 183 2 0.9883699526713452
5.0730794964253206e-06 184 2 0.987821917453193
5.31384604465532e-06 185 2 0.9872482518085607
5.566039255814628e-06 186 2 0.9866477758560778
5.830201430661635e-06 187 2 0.986019257220733
6.1069006068372554e-06 188 2 0.985361408876088
6.396731780274463e-06 189 2 0.9846728869155608
6.7003181845699955e-06 190 2 0.9839522882520328
7.018312631068778e-06 191 2 0.9831981482454727
7.351398912541767e-06 192 2 0.9824089382599108
7.700293273474593e-06 193 2 0.9815830631477508
8.065745950127851e-06 194 2 0.9807188586643739
8.448542783679484e-06 195 2 0.9798145888129179
8.849506909916755e-06 196 2 0.9788684431209657
9.269500529110111e-06 197 2 0.9778785338511371
9.709426759873237e-06 198 2 0.9768428931486852
1.0170231580993967e-05 199 2 0.9757594701284694
1.0652905865410192e-05 200 2 0.9746261279056568
1.1158487510702408e-05 201 2 0.9734406405743595
1.1688063670681944e-05 202 2 0.9722006901409208
1.2242773092871505e-05 203 2 0.9709038634160637
1.2823808566901743e-05 204 2 0.9695476488751408
1.3432419489085656e-05 205 2 0.9681294334944696
1.4069914548682902e-05 206 2 0.9666464995727548
1.473766454162677e-05 207 2 0.9650960215495974
1.543710531776034e-05 208 2 0.9634750628332394
1.6169740867915885e-05 209 2 0.9617805726511917
1.693714655747059e-05 210 2 0.9600093829404467
1.7740972513327413e-05 211 2 0.958158205293968
1.8582947171598802e-05 212 2 0.9562236279839154
1.9464880993615498e-05 213 2 0.9542021130832802
2.0388670358245275e-05 214 2 0.9520899937097809
2.1356301638883993e-05 215 2 0.9498834714196931
2.2369855473877577e-05 216 2 0.9475786137800469
2.3431511239549806e-05 217 2 0.9451713521527257
2.454355173544463e-05 218 2 0.9426574797252443
2.5708368091847115e-05 219 2 0.9400326498275006
2.6928464910125016e-05 220 2 0.9372923745769014
2.8206465646931638e-05 221 2 0.9344320238977792
2.954511825383358e-05 222 2 0.9314468249658058
3.094730108447608e-05 223 2 0.9283318621307628
3.2416029081971446e-05 224 2 0.9250820773780125
3.395446025979681e-05 225 2 0.9216922713865205
3.5565902490117986e-05 226 2 0.9181571052645131
3.72538206141146e-05 227 2 0.914471103013799
3.902184388957095e-05 228 2 0.9106286548239301
4.087377379172235e-05 229 2 0.9066240212601223
4.281359218410148e-05 230 2 0.9024513384452172
4.484546987692263e-05 231 2 0.8981046243207068
4.697377559137308e-05 232 2 0.8935777860876655
4.920308534904899e-05 233 2 0.8888646289348145
5.153819230668335e-05 234 2 0.8839588661455922
5.3984117057268816e-05 235 2 0.8788541307195186
5.6546118419675186e-05 236 2 0.8735439885996109
5.922970473990566e-05 237 2 0.8680219536420278
6.20406457282342e-05 238 2 0.8622815044397801
6.498498485760966e-05 239 2 0.8563161031250777
6.806905234991279e-05 240 2 0.8501192162765906
7.129947877791129e-05 241 2 0.8436843380551351
7.468320931207313e-05 242 2 0.8370050156804033
7.822751864277363e-05 243 2 0.8300748773778842
8.194002660988077e-05 244 2 0.8228876628972969
8.582871457320625e-05 245 2 0.8154372567093437
8.990194255889872e-05 246 2 0.807717723972105
9.416846721850707e-05 247 2 0.7997233493467909
9.863746063917508e-05 248 2 0.7914486787036686
0.00010331853004524839 249 2 0.782888563832509
0.0001082217384334706 250 2 0.7740382100244902
0.00011335762618593445 251 2 0.764893226694182
0.00011873723370704165 252 2 0.7554496808518669
0.00012437212513289982 253 2 0.7457041534111535
0.00013027441316386723 254 2 0.7356537981776469
0.00013645678507335005 255 2 0.7252964033528062
0.0001429325299484518 256 2 0.714630455296704
0.0001497155672206922 257 2 0.7036552042875299
0.00015682047654775677 258 2 0.6923707318820833
0.00016426252911010147 259 2 0.6807780194672108
0.0001720577203892342 260 3 0.6688790227181153
0.00018022280449764505 261 4 0.6567042924972493
0.00018877533013363426 262 5 0.6442627688644589
0.00019773367823772576 263 5 0.6315366915640235
0.0002071171014309617 264 5 0.6185307661129651
0.00021694576531912873 265 5 0.6052539684999602
0.00022724079175090683 266 5 0.5917222234725251
0.00023802430412206253 267 5 0.5779430913707455
0.0002493194748221094 268 5 0.5639248762104659
0.00026115057492437127 269 6 0.5497296369361866
0.00027354302622510987 270 6 0.5353777213257327
0.00028652345574230675 271 6 0.5208399856059966
0.0003001197527898459 272 7 0.506135177938287
0.00031436112874826236 273 7 0.4912829955581066
0.0003292781796588383 274 7 0.47630377985018724
0.0003449029517737603 275 7 0.46121984685757705
0.00036126901020120577 276 7 0.44605479471733234
0.0003784115107906788 277 7 0.4308334181467157
0.0003963672754106782 278 7 0.4155815781437733
0.0004151748707778171 279 7 0.40032610305731664
0.0004348746910038809 280 7 0.38509466431059103
0.000455509044035033 281 7 0.3699156154198126
0.0004771222421654077 282 7 0.3548178101588142
0.0004997606968157381 283 7 0.3398304360744803
0.0005234730177764726 284 7 0.324982856029685
0.0005483101171239939 285 7 0.310304342628597
0.00057432531802813 286 7 0.29582382102110794
0.0006015744686791898 287 9 0.28158002358415074
0.0006301160615731754 288 10 0.26761047952212735
0.000660011358404735 289 11 0.25392536406045796
0.0006913245208288337 290 11 0.2405489783677341
0.0007241227473639804 291 11 0.22750348305798598
0.0007584764167222397 292 11 0.21481204895206835
0.0007944592378642317 293 11 0.20253589489670581
0.0008321484070907791 294 11 0.1907246210205267
0.0008716247724969237 295 11 0.17933744118928643
0.0009129730061287436 296 11 0.16839211116974898
0.0009562817841986435 297 11 0.15789330118101103
0.0010016439757307217 298 11 0.14783440611669968
0.0010491568400244418 299 12 0.13821918355599971
0.0010989222333420896 300 14 0.12905087234999912
0.0011510468252434562 301 14 0.12033035614662596
0.0012056423250099793 302 15 0.11205616885672799
0.001262825718619996 303 15 0.10422459747514468
0.001322719516757007 304 15 0.09682983264921034
0.0013854520143539808 305 16 0.08986408777482374
0.0014511575621985414 306 16 0.08331811329088776
0.0015199768511466264 307 16 0.0771828507525564
0.0015920572095158752 308 16 0.07144967184018237
0.001667552914254385 309 16 0.06612045793173714
0.0017466255165060002 310 16 0.061169392619461686
0.0018294441822195866 311 16 0.0565682623315912
0.001916186048476988 312 16 0.05229858061702065
0.0020070365962427507 313 16 0.04834674270272803
0.0021021900402678406 314 16 0.04469866007318021
0.002201849736909821 315 16 0.04133388083485097
0.0023062286106632973 316 16 0.03823332125358952
0.0024155496002266153 317 16 0.03539416054422989
0.002530046124964074 318 16 0.03280336789742577
0.002649962572657298 319 16 0.030432727849650267
0.002775554809474675 320 16 0.02826750334028027
0.0029070907131240227 321 16 0.026293351401001468
0.0030448507301911332 322 16 0.02449097620444582
0.0031891284587049866 323 16 0.022843864203349742
0.003340231257009648 324 16 0.02133840512254975
0.0034984808800631534 325 16 0.019964414103536093
0.003664214144324541 326 16 0.018710859559521998
0.003837783622431994 327 16 0.01757006184755034
0.004019558368917778 328 16 0.01653211764534066
0.0042099246782487075 329 16 0.015589350418637637
0.004409286876524678 330 16 0.014743627165085703
0.004618068148212225 331 16 0.013988859856485427
0.004836711399334526 332 16 0.013316440726685589
0.005065680158584029 333 16 0.012715313395819593
0.0053054595178689875 334 16 0.012177729490953918
0.005556557113849657 335 16 0.01169410180740608
0.005819504152064288 336 16 0.011257055593426825
0.006094856475289092 337 16 0.010860678951532771
0.006383195677818844 338 16 0.010501445290894534
0.0066851302673970325 339 16 0.010179563196287005
0.00700129687656454 340 16 0.009893815327650551
0.00733236152523415 341 16 0.009639218586132238
0.007679020936334905 342 16 0.009411348197074398
0.008042003906403366 343 16 0.009208114305770239
0.00842207273302926 344 16 0.009028304699659647
0.008820024701089805 345 16 0.00887112988270045
0.00923669362972895 346 16 0.008735552371300949
0.009672951482054628 347 16 0.008620725216722674
0.010129710039539549 348 16 0.008527516229651817
0.01060792264311404 349 16 0.008455664731898392
0.011108586002938771 350 16 0.008402332418153522
0.011632742078832498 351 16 0.008366112897009113
0.012181480033310117 352 16 0.008347495591044085
0.012755938259154918 353 16 0.008346807237641198
0.013357306483406068 354 16 0.008364437248143416
0.013986827949585248 355 16 0.008400965628699733
0.014645801679917015 356 16 0.008456362417695118
0.01533558481920878 357 16 0.008531032541198458
0.016057595061952316 358 16 0.008625541589387426
0.01681331316408409 359 16 0.008740893830722253
0.017604285540694514 360 16 0.008878653203720641
0.018432126950808272 361 16 0.009040795284778344
0.0192985232701604 362 16 0.009229607594451678
0.02020523435267009 363 16 0.00944766231604232
0.021154096981059592 364 16 0.009698133122071172
0.02214702790677836 365 16 0.009985533386890994
0.02318602697906795 366 16 0.010313658979530628
0.02427318036264324 367 16 0.0106885031546374
0.025410663843059428 368 16 0.011113747362041723
0.02660074621838679 369 16 0.011593173765213032
0.027845792775318172 370 16 0.012132624492429795
0.029148268847286683 371 16 0.012738623926199153
0.03051074345156688 372 16 0.013418491110193024
0.031935893001675354 373 16 0.01418082047418769
0.033426505090661605 374 16 0.015034647382412142
0.03498548234009575 375 16 0.0159892556657741
0.036615846308704424 376 16 0.01705517225885958
0.03832074145368189 377 16 0.01824434353957526
0.04010343913670131 378 16 0.019569991507484542
0.04196734166557954 379 16 0.02104661496088993
0.04391598636138934 380 16 0.02269007416852595
0.045953049639579135 381 16 0.024517561400369144
0.048082351092340964 382 16 0.026547628767530734
0.05030785755806658 383 16 0.028800152592216917
0.05263368716224262 384 16 0.0312973989232781
0.05506411331257369 385 16 0.034066634260549816
0.05760356862946743 386 16 0.037130579402669665
0.06025664879129253 387 16 0.0405123250546653
0.06302811627201982 388 16 0.04423695895556673
0.0659229039469853 389 16 0.048329711356611446
0.06894611854059177 390 16 0.05281699706908532
0.07210304388777991 391 16 0.05772493705583556
0.07539914397908459 392 16 0.0630783175144152
0.07884006575704605 393 16 0.06889950589825347
0.08243164162969338 394 16 0.07520721272884563
0.0861798916647675 395 16 0.082015639348894
0.09009102542634509 396 16 0.08933433468086757
0.09417144341355824 397 16 0.09716882252679397
0.09842773805923394 398 16 0.10552203092946433
0.10286669424451447 399 16 0.11439510904422245
0.10749528928390961 400 16 0.12378214016554422
0.11232069233379716 401 16 0.13366724346073103
0.11735026317619912 402 16 0.14404622775326412
0.12259155032871827 403 16 0.15491710709729933
0.12805228843091115 404 16 0.16623190865207624
0.13374039485712136 405 16 0.177950122929346
0.13966396550596455 406 16 0.19004220335562663
0.14583126971728078 407 16 0.20247148193370107
0.15225074426853785 408 16 0.2152026107594611
0.15893098640437947 409 16 0.22824411445148055
0.1658807458553722 410 16 0.24158440835452438
0.17310891580502413 411 16 0.25515590658070564
0.18062452276789498 412 16 0.2689234515487118
0.18843671534610906 413 16 0.2828493933213617
0.1965547518368953 414 16 0.2968944643326925
0.2049879866698761 415 16 0.3110244608429211
0.21374585565978715 416 16 0.3252198338650382
0.22283786006810208 417 16 0.3394677052752848
0.23227354947564477 418 16 0.3537214139485785
0.2420625034777244 419 16 0.3679308011986922
0.25221431222350144 420 16 0.382066514201945
0.2627385558322144 421 16 0.3961059095082076
0.2736447827304287 422 16 0.4100249044940192
0.2849424869665502 423 16 0.423798664647706
0.2966410845713219 424 16 0.4374057783144225
0.30874988904582634 425 16 0.4508300730712651
0.32127808607138897 426 16 0.4640586401641196
0.3342347075486486 427 16 0.47708070989932555
0.34762860508566995 428 16 0.48988904478836787
0.36146842306715354 429 16 0.5024807611647171
0.3757625714482913 430 16 0.5148564815837754
0.3905191984274913 431 16 0.5270186417351419
0.40574616316169076 432 16 0.5389698052363169
0.4214510086962109 433 16 0.550711895628077
0.43764093528776793 434 16 0.5622462806081959
0.45432277430420565 435 16 0.573574022761683
0.4715029628875015 436 16 0.5846959891921161
0.4891875195675891 437 16 0.5956129949579082
0.5073820210132404 438 16 0.6063262822826623
0.5260915801027294 439 16 0.6168378960893918
0.5453208254911076 440 16 0.627150700826198
0.5650738828426939 441 16 0.637268232774756
0.5853543578868035 442 16 0.6471944829173742
0.6061653214420271 443 16 0.6569336684675012
0.6275092965394358 444 16 0.6664950510240661
0.6493882477583421 445 16 0.6759483176763716
0.6718035728697316 446 16 0.6854954670274085
0.6947560968625581 447 16 0.6949400496090223
0.7182460684069714 448 16 0.7041210022629242
0.7422731587866644 449 16 0.7130745475570684
0.7668364633100497 450 16 0.7218851391270465
0.7919345051874094 451 16 0.7305601301143819
0.8175652418387978 452 16 0.7390409289874822
0.8437260735755896 453 16 0.7473079270249129
0.8704138545776903 454 16 0.7553701103944424
0.8976249060685999 455 16 0.7632300391709625
0.9253550315722932 456 16 0.7708905612140383
0.9535995341193229 457 16 0.7783545869038645
0.9823532352549853 458 16 0.7856223796109443
1.011610495689868 459 16 0.7926931104964341
1.041365237422946 460 16 0.799567520447593
1.0716109671594074 461 16 0.8062482689189779
1.102340800839873 462 16 0.812738722226337
1.133547489094438 463 16 0.8190423295981981
1.16522344343403 464 16 0.8251627827083214
1.1973607629927798 465 16 0.831104174676051
1.22995126163846 466 16 0.8368709368457554
1.2629864952731769 467 16 0.8424678611918514
1.2964577891534255 468 16 0.8479002668913044
1.3303562650670178 469 16 0.853174027772754
1.3646728682141132 470 16 0.8582952570540114
1.3993983936502978 471 16 0.8632698550440446
1.4345235121613675 472 16 0.8681032751240259
1.4700387954516283 473 16 0.8728004302020073
1.5059347405402401 474 16 0.8773655988100669
1.5422017932729846 475 16 0.8818024037866067
1.5788303708697446 476 16 0.8861139346636018
1.6158108834406817 477 16 0.8903029679685251
1.6531337544166305 478 16 0.8943721035145197
1.6907894398511338 479 16 0.8983237831735619
1.7287684465630742 480 16 0.902160408017721
1.7670613490996216 481 16 0.9058845231833127
1.8056588055093594 482 16 0.9094984565571328
1.8445515719246894 483 16 0.91300446492864
1.8837305159612385 484 16 0.9164053000833958
1.9231866289495527 485 16 0.919704165342847
1.962911037021271 486 16 0.9229045217124399
2.0028950110779484 487 16 0.9260099869239032
2.04312997567585 488 16 0.9290239338528047
2.0836075168645127 489 16 0.9319486653699558
2.124319389020423 490 16 0.9347856919993852
2.165257520720136 491 16 0.9375363895526997
2.206414019699414 492 16 0.9402022713821303
2.247781176946612 493 16 0.9427852895288868
2.2893514699795627 494 16 0.9452878771918081
2.331117565355891 495 16 0.9477126993707516
2.3730723204666564 496 16 0.9500624395845804
2.4152087846630312 497 16 0.9523396285695473
2.4575201997649785 498 16 0.9545468098935458
2.4999999999999973 499 16 0.9566864564492347
0.005 0.24998750024511268 16.0
0.01 0.24995000393435154 16.0
0.015 0.24988751991645788 16.0
0.02 0.2498000629156428 16.0
0.025 0.24968765349613625 16.0
0.03 0.2495503180124989 16.0
0.035 0.24938808854756558 16.0
0.04 0.24920100283683108 16.0
0.045 0.24898910418137501 16.0
0.05 0.24875244134941427 16.0
0.055 0.24849106846752522 16.0
0.06 0.24820504490268777 16.0
0.065 0.24789443513623302 16.0
0.07 0.24755930863051645 16.0
0.075 0.24719973968990983 16.0
0.08 0.24681580731695182 16.0
0.085 0.24640759506505086 16.0
0.09 0.24597519088889794 16.0
0.095 0.24551868699324672 16.0
0.1 0.24503817968216254 16.0
0.105 0.24453376920855138 16.0
0.11 0.24400555962560164 16.0
0.115 0.24345365864095547 16.0
0.12 0.24287817747378343 16.0
0.125 0.24227923071624138 16.0
0.13 0.24165693619892964 16.0
0.135 0.24101141486157152 16.0
0.14 0.2403427906285862 16.0
0.145 0.2396511902902836 16.0
0.15 0.23893674338967028 16.0
0.155 0.2381995821145644 16.0
0.16 0.23743984119547776 16.0
0.165 0.23665765780904727 16.0
0.17 0.23585317148639712 16.0
0.17500000000000002 0.2350265240270585 16.0
0.18 0.2341778594173528 16.0
0.185 0.23330732375328792 16.0
0.19 0.23241506516799082 16.0
0.195 0.23150123376290052 16.0
0.2 0.23056598154294128 16.0
0.20500000000000002 0.22960946235543267 16.0
0.21 0.22863183183233182 16.0
0.215 0.22763324733576146 16.0
0.22 0.2266138679066484 16.0
0.225 0.2255738542158372 16.0
0.23 0.22451336851748926 16.0
0.23500000000000001 0.22343257460417476 16.0
0.24 0.22233163776351328 16.0
0.245 0.22121072473658118 16.0
0.25 0.22007000367728544 16.0
0.255 0.2189096441137616 16.0
0.26 0.21772981691129856 16.0
0.265 0.2165306942376429 16.0
0.27 0.21531244953061857 16.0
0.275 0.21407525746812922 16.0
0.28 0.21281929394121807 16.0
0.28500000000000003 0.21154473602946908 16.0
0.29 0.2102517619790881 16.0
0.295 0.20894055118310134 16.0
0.3 0.20761128416303387 16.0
0.305 0.20626414255175796 16.0
0.31 0.2048993090758335 16.0
0.315 0.20351696753714127 16.0
0.32 0.20211730279194196 16.0
0.325 0.20070050072620357 16.0
0.33 0.19926674822584053 16.0
0.335 0.19781623313982716 16.0
0.34 0.1963491442347432 16.0
0.34500000000000003 0.19486567113849113 16.0
0.35000000000000003 0.1933660042705085 16.0
0.355 0.19185033475628338 16.0
0.36 0.19031885432216325 16.0
0.365 0.18877175516715905 16.0
0.37 0.1872092298058476 16.0
0.375 0.18563147087659926 16.0
0.38 0.18403867090708617 16.0
0.385 0.18243102202757489 16.0
0.39 0.18080871562501907 16.0
0.395 0.1791719419374941 16.0
0.4 0.1775208896122358 16.0
0.405 0.175855745302584 16.0
0.41000000000000003 0.17417669347033912 16.0
0.41500000000000004 0.17248391668086704 16.0
0.42 0.17077759673893694 16.0
0.425 0.16905791684231017 16.0
0.43 0.16732506439455638 16.0
0.435 0.16557923345615783 16.0
0.44 0.16382062565540206 16.0
0.445 0.16204944909259766 16.0
0.45 0.1602659158381449 16.0
0.455 0.15847023918141984 16.0
0.46 0.15666263157407545 16.0
0.465 0.1548433036266781 16.0
0.47000000000000003 0.15301246402536217 16.0
0.47500000000000003 0.15117032002102793 16.0
0.48 0.1493170781525155 16.0
0.485 0.14745294496839942 16.0
0.49 0.14557812762118855 16.0
0.495 0.14369283428305113 16.0
0.5 0.1417972743740182 16.0
0.505 0.1398916586156289 16.0
0.51 0.1379761989340853 16.0
0.515 0.13605110824682412 16.0
0.52 0.13411660017290528 16.0
0.525 0.1321728887101538 16.0
0.53 0.13022018791804682 16.0
0.535 0.12825871163590502 16.0
0.54 0.12628867325271342 16.0
0.545 0.12431028553316814 16.0
0.55 0.12232376049490039 16.0
0.555 0.12032930932801174 16.0
0.56 0.11832714234661479 16.0
0.5650000000000001 0.1163174689641186 16.0
0.5700000000000001 0.11430049768646391 16.0
0.5750000000000001 0.1122764361197881 16.0
0.58 0.11024549099118988 16.0
0.585 0.10820786818219182 16.0
0.59 0.10616377277552248 16.0
0.595 0.10411340911568043 16.0
0.6 0.10205698088400159 16.0
0.605 0.09999469118857948 16.0
0.61 0.09792674266830756 16.0
0.615 0.09585333761049333 16.0
0.62 0.09377467807966194 16.0
0.625 0.09169096605496266 16.0
0.63 0.08960240357265169 16.0
0.635 0.08750919286937796 16.0
0.64 0.08541153652183928 16.0
0.645 0.0833096375786393 16.0
0.65 0.081203699680476 16.0
0.655 0.07909392716518082 16.0
0.66 0.076980525155422 16.0
0.665 0.07486369962708589 16.0
0.67 0.07274365745765024 16.0
0.675 0.070620606454149 16.0
0.68 0.06849475536154732 16.0
0.685 0.06636631385331113 16.0
0.6900000000000001 0.0642354925064103 16.0
0.6950000000000001 0.06210250276512315 16.0
0.7000000000000001 0.05996755689815568 16.0
0.705 0.0578308679549481 16.0
0.71 0.05569264972628812 16.0
0.715 0.053553116712835164 16.0
0.72 0.051412484101457594 16.0
0.725 0.049270967744832195 16.0
0.73 0.04712878413453557 16.0
0.735 0.044986150355465035 16.0
0.74 0.042843284010641074 16.0
0.745 0.040700403111534736 16.0
0.75 0.03855772593642878 16.0
0.755 0.03641547086704397 16.0
0.76 0.03427385621628242 16.0
0.765 0.03213310005879977 16.0
0.77 0.029993420072087523 16.0
0.775 0.027855033390636608 16.0
0.78 0.025718156472787017 16.0
0.785 0.023583004977844116 16.0
0.79 0.021449793651166178 16.0
0.795 0.019318736215301897 16.0
0.8 0.01719004526652422 16.0
0.805 0.015063932176854478 16.0
0.81 0.0129406070037761 16.0
0.8150000000000001 0.010820278411030868 16.0
0.8200000000000001 0.00870315360469624 16.0
0.8250000000000001 0.006589438287815374 16.0
0.8300000000000001 0.004479336633529008 16.0
0.835 0.00237305127351228 16.0
0.84 0.00027078329638446745 16.0
0.845 -0.001827267748508275 16.0
0.85 -0.0039209038447899705 16.0
0.855 -0.006009928501353979 16.0
0.86 -0.008094146743382638 16.0
0.865 -0.010173365102320645 16.0
0.87 -0.012247391604976853 16.0
0.875 -0.014316035761736012 16.0
0.88 -0.01637910855335785 16.0
0.885 -0.018436422415666277 16.0
0.89 -0.020487791221466656 16.0
0.895 -0.02253303025907127 16.0
0.9 -0.024571956207602375 16.0
0.905 -0.026604387109311407 16.0
0.91 -0.028630142339844757 16.0
0.915 -0.030649042577693637 16.0
0.92 -0.03266090977451472 16.0
0.925 -0.0346655671280751 16.0
0.93 -0.03666283906002928 16.0
0.935 -0.03865255120026466 16.0
0.9400000000000001 -0.040634530379575505 16.0
0.9450000000000001 -0.042608604631722766 16.0
0.9500000000000001 -0.044574603205272505 16.0
0.9550000000000001 -0.0465323565853865 16.0
0.96 -0.0484816965245942 16.0
0.965 -0.050422456081761005 16.0
0.97 -0.05235446966756071 16.0
0.975 -0.05427757309494679 16.0
0.98 -0.056191603632683586 16.0
0.985 -0.05809640006015729 16.0
0.99 -0.05999180272122301 16.0
0.995 -0.06187765357557662 16.0
1.0 -0.06375379624533503 16.0
1.0050000000000001 -0.06562007605554683 16.0
1.01 -0.06747634006740039 16.0
1.0150000000000001 -0.06932243710312616 16.0
1.02 -0.0711582177627318 16.0
1.025 -0.07298353443267967 16.0
1.03 -0.07479824128709223 16.0
1.035 -0.07660219428238776 16.0
1.04 -0.07839525114601058 16.0
1.045 -0.08017727136006945 16.0
1.05 -0.08194811613988917 16.0
1.055 -0.08370764840782263 16.0
1.06 -0.08545573276156278 16.0
1.065 -0.08719223543646382 16.0
1.07 -0.08891702426112354 16.0
1.075 -0.09062996860567532 16.0
1.08 -0.09233093932267024 16.0
1.085 -0.09401980868105475 16.0
1.09 -0.09569645029417809 16.0
1.095 -0.0973607390438457 16.0
1.1 -0.09901255100247142 16.0
1.105 -0.10065176335635972 16.0
1.11 -0.10227825433263678 16.0
1.115 -0.10389190313294176 16.0
1.12 -0.1054925898770394 16.0
1.125 -0.10708019555882564 16.0
1.1300000000000001 -0.10865460201803356 16.0
1.135 -0.11021569192976115 16.0
1.1400000000000001 -0.11176334881425214 16.0
1.145 -0.11329745706842183 16.0
1.1500000000000001 -0.11481790202005974 16.0
1.155 -0.11632457000485272 16.0
1.16 -0.11781734846481179 16.0
1.165 -0.11929612606616412 16.0
1.17 -0.12076079283261337 16.0
1.175 -0.12221124028941563 16.0
1.18 -0.1236473616123965 16.0
1.185 -0.12506905177574548 16.0
1.19 -0.12647620769247467 16.0
1.195 -0.1278687283418878 16.0
1.2 -0.1292465148789623 16.0
1.205 -0.13060947072161738 16.0
1.21 -0.13195750161352252 16.0
1.215 -0.13329051566022132 16.0
1.22 -0.13460842333850878 16.0
1.225 -0.13591113747969477 16.0
1.23 -0.13719857322863338 16.0
1.235 -0.1384706479804591 16.0
1.24 -0.13972728129855683 16.0
1.245 -0.14096839481613557 16.0
1.25 -0.14219391212474217 16.0
1.2550000000000001 -0.14340375865219893 16.0
1.26 -0.14459786153245224 16.0
1.2650000000000001 -0.14577614946926884 16.0
1.27 -0.14693855259609506 16.0
1.2750000000000001 -0.14808500233311953 16.0
1.28 -0.14921543124386072 16.0
1.285 -0.15032977289245555 16.0
1.29 -0.15142796170366393 16.0
1.295 -0.15250993282748773 16.0
1.3 -0.15357562201113023 16.0
1.305 -0.1546249654806539 16.0
1.31 -0.15565789983532727 16.0
1.315 -0.1566743619575628 16.0
1.32 -0.1576742889410699 16.0
1.325 -0.15865761804025946 16.0
1.33 -0.15962428664237258 16.0
1.335 -0.16057423226478543 16.0
1.34 -0.16150739257767374 16.0
1.345 -0.16242370545253731 16.0
1.35 -0.16332310903548067 16.0
1.355 -0.16420554184372807 16.0
1.36 -0.1650709428826103 16.0
1.365 -0.16591925178053338 16.0
1.37 -0.16675040893763496 16.0
1.375 -0.16756435568544928 16.0
1.3800000000000001 -0.16836103445394443 16.0
1.385 -0.16914038894296954 16.0
1.3900000000000001 -0.1699023642954309 16.0
1.395 -0.1706469072696611 16.0
1.4000000000000001 -0.17137396640795144 16.0
1.405 -0.17208349219849048 16.0
1.41 -0.17277543722704794 16.0
1.415 -0.17344975631542403 16.0
1.42 -0.17410640664328872 16.0
1.425 -0.17474534785132453 16.0
1.43 -0.17536654212402852 16.0
1.435 -0.17596995425273695 16.0
1.44 -0.17655555167923875 16.0
1.445 -0.1771233045228181 16.0
1.45 -0.17767318559339806 16.0
1.455 -0.1782051703942258 16.0
1.46 -0.17871923711702117 16.0
1.465 -0.17921536663251048 16.0
1.47 -0.17969354247811486 16.0
1.475 -0.18015375084399815 16.0
1.48 -0.18059598055878848 16.0
1.485 -0.18102022307598192 16.0
1.49 -0.18142647246213717 16.0
1.495 -0.1818147253883629 16.0
1.5 -0.18218498112603507 16.0
1.5050000000000001 -0.18253724154784864 16.0
1.51 -0.18287151113506822 16.0
1.5150000000000001 -0.1831877969907057 16.0
1.52 -0.18348610885941247 16.0
1.5250000000000001 -0.18376645915267129 16.0
1.53 -0.18402886297965046 16.0
1.5350000000000001 -0.1842733381831414 16.0
1.54 -0.18449990537958616 16.0
1.545 -0.18470858800360251 16.0
1.55 -0.18489941235547439 16.0
1.555 -0.1850724076512212 16.0
1.56 -0.1852276060737986 16.0
1.565 -0.18536504282360491 16.0
1.57 -0.1854847561664784 16.0
1.575 -0.18558678747658258 16.0
1.58 -0.18567118127150004 16.0
1.585 -0.18573798523716048 16.0
1.59 -0.18578725023973616 16.0
1.595 -0.18581903032309713 16.0
1.6 -0.1858333826898611 16.0
1.605 -0.18583036766571098 16.0
1.61 -0.185810048646976 16.0
1.615 -0.18577249203168247 16.0
1.62 -0.18571776713622226 16.0
1.625 -0.1856459460987424 16.0
1.6300000000000001 -0.18555710377221327 16.0
1.635 -0.1854513176085959 16.0
1.6400000000000001 -0.1853286675371693 16.0
1.645 -0.1851892358388492 16.0
1.6500000000000001 -0.18503310701839268 16.0
1.655 -0.184860367676668 16.0
1.6600000000000001 -0.18467110638408252 16.0
1.665 -0.18446541355570734 16.0
1.67 -0.18424338132984214 16.0
1.675 -0.18400510344975934 16.0
1.68 -0.1837506751499727 16.0
1.685 -0.18348019304741464 16.0
1.69 -0.18319375503792812 16.0
1.695 -0.18289146019826283 16.0
1.7 -0.18257340869299593 16.0
1.705 -0.18223970168611603 16.0
1.71 -0.181890441256841 16.0
1.715 -0.18152573031975391 16.0
1.72 -0.18114567254983766 16.0
1.725 -0.18075037231388133 16.0
1.73 -0.18033993460942757 16.0
1.735 -0.17991446501241198 16.0
1.74 -0.1794740696337853 16.0
1.745 -0.17901885508468493 16.0
1.75 -0.17854892844776565 16.0
1.7550000000000001 -0.1780643972531779 16.0
1.76 -0.17756536945571363 16.0
1.7650000000000001 -0.17705195341138677 16.0
1.77 -0.17652425785070208 16.0
1.7750000000000001 -0.17598239184767278 16.0
1.78 -0.17542646478369855 16.0
1.7850000000000001 -0.17485658630614317 16.0
1.79 -0.17427286628265798 16.0
1.795 -0.1736754147519609 16.0
1.8 -0.17306434187209507 16.0
1.805 -0.17243975786742144 16.0
1.81 -0.17180177297456486 16.0
1.815 -0.1711504973886342 16.0
1.82 -0.17048604121155672 16.0
1.825 -0.16980851440382855 16.0
1.83 -0.16911802674166565 16.0
1.835 -0.16841468778022234 16.0
1.84 -0.16769860682362356 16.0
1.845 -0.1669698929012061 16.0
1.85 -0.16622865475018997 16.0
1.855 -0.16547500080330407 16.0
1.86 -0.16470903918122554 16.0
1.865 -0.16393087768868447 16.0
1.87 -0.16314062381417005 16.0
1.875 -0.16233838473311288 16.0
1.8800000000000001 -0.16152426731421698 16.0
1.885 -0.16069837812988 16.0
1.8900000000000001 -0.15986082347038294 16.0
1.895 -0.1590117093617923 16.0
1.9000000000000001 -0.15815114158692403 16.0
1.905 -0.15727922570730973 16.0
1.9100000000000001 -0.1563960670845263 16.0
1.915 -0.15550177089877584 16.0
1.92 -0.15459644216270635 16.0
1.925 -0.15368018572900843 16.0
1.93 -0.15275310629048813 16.0
1.935 -0.1518153083707402 16.0
1.94 -0.15086689630498853 16.0
1.945 -0.14990797421017135 16.0
1.95 -0.1489386459458579 16.0
1.955 -0.14795901506787917 16.0
1.96 -0.14696918477870735 16.0
1.965 -0.14596925787876266 16.0
1.97 -0.1449593367229037 16.0
1.975 -0.14393952318539077 16.0
1.98 -0.14290991863437794 16.0
1.985 -0.14187062391612776 16.0
1.99 -0.14082173934748587 16.0
1.995 -0.13976336471510337 16.0
2.0 -0.13869559928018182 16.0
2.005 -0.13761854178853072 16.0
2.0100000000000002 -0.13653229048667848 16.0
2.015 -0.13543694314495625 16.0
2.02 -0.13433259708933495 16.0
2.025 -0.13321934924315196 16.0
2.0300000000000002 -0.13209729617978977 16.0
2.035 -0.1309665341868486 16.0
2.04 -0.12982715934190672 16.0
2.045 -0.12867926759889844 16.0
2.05 -0.12752295488384352 16.0
2.055 -0.12635831719748708 16.0
2.06 -0.12518545072193205 16.0
2.065 -0.12400445192804756 16.0
2.07 -0.12281541768079779 16.0
2.075 -0.12161844534024209 16.0
2.08 -0.12041363285691775 16.0
2.085 -0.11920107886093446 16.0
2.09 -0.11798088274396532 16.0
2.095 -0.11675314473312258 16.0
2.1 -0.11551796595439093 16.0
2.105 -0.11427544848295469 16.0
2.11 -0.11302569537714961 16.0
2.115 -0.11176881069360439 16.0
2.12 -0.11050489948216156 16.0
2.125 -0.1092340677604472 16.0
2.13 -0.10795642246974428 16.0
2.1350000000000002 -0.10667207141459738 16.0
2.14 -0.10538112318930624 16.0
2.145 -0.1040836870950672 16.0
2.15 -0.10277987305219238 16.0
2.1550000000000002 -0.10146979151257081 16.0
2.16 -0.10015355337705437 16.0
2.165 -0.09883126992248216 16.0
2.17 -0.09750305274185918 16.0
2.1750000000000003 -0.09616901370021866 16.0
2.18 -0.09482926490766963 16.0
2.185 -0.09348391871041233 16.0
2.19 -0.09213308769908747 16.0
2.195 -0.0907768847336684 16.0
2.2 -0.08941542298342482 16.0
2.205 -0.08804881598075433 16.0
2.21 -0.08667717768706298 16.0
2.215 -0.08530062256809116 16.0
2.22 -0.0839192656752887 16.0
2.225 -0.08253322272899306 16.0
2.23 -0.08114261019930027 16.0
2.235 -0.07974754538037696 16.0
2.24 -0.07834814645466708 16.0
2.245 -0.07694453254387089 16.0
2.25 -0.0755368237442617 16.0
2.255 -0.07412514114506728 16.0
2.2600000000000002 -0.07270960682927456 16.0
2.265 -0.07129034385729595 16.0
2.27 -0.06986747623426623 16.0
2.275 -0.0684411288621658 16.0
2.2800000000000002 -0.06701142747793443 16.0
2.285 -0.06557849857891307 16.0
2.29 -0.06414246933757112 16.0
2.295 -0.06270346750745194 16.0
2.3000000000000003 -0.061261621322906454 16.0
2.305 -0.059817059394933404 16.0
2.31 -0.05836991060528214 16.0
2.315 -0.056920304000653614 16.0
2.32 -0.05546836868889042 16.0
2.325 -0.054014233738800696 16.0
2.33 -0.0525580280853763 16.0
2.335 -0.051099880441861284 16.0
2.34 -0.049639919220308984 16.0
2.345 -0.04817827246141025 16.0
2.35 -0.046715067774394395 16.0
2.355 -0.045250432287292836 16.0
2.36 -0.043784492606885925 16.0
2.365 -0.042317374796653574 16.0
2.37 -0.04084920435933048 16.0
2.375 -0.039380106241049165 16.0
2.38 -0.03791020484930944 16.0
2.3850000000000002 -0.03643962408698587 16.0
2.39 -0.034968487400980276 16.0
2.395 -0.03349691784347577 16.0
2.4 -0.03202503814369086 16.0
2.4050000000000002 -0.03055297078828841 16.0
2.41 -0.02908083810928263 16.0
2.415 -0.027608762378652195 16.0
2.42 -0.026136865908718037 16.0
2.4250000000000003 -0.02466527115682234 16.0
2.43 -0.023194100831576324 16.0
2.435 -0.021723477996912655 16.0
2.44 -0.020253526169512964 16.0
2.445 -0.018784369405373667 16.0
2.45 -0.017316132371755708 16.0
2.455 -0.01584894040161232 16.0
2.46 -0.014382919528312738 16.0
2.465 -0.012918196499358362 16.0
2.47 -0.011454898769090494 16.0
2.475 -0.00999315447151698 16.0
2.48 -0.008533092375001687 16.0
2.485 -0.0070748418214280125 16.0
2.49 -0.005618532652680305 16.0
2.495 -0.004164295128064475 16.0
2.5 -0.0027122598370667977 16.0
2.505 -0.00126255761175192 16.0
2.5100000000000002 0.00018468055749271302 16.0
2.515 0.0016293236005082345 16.0
2.52 0.0030712404388488126 16.0
2.525 0.004510300049241017 16.0
2.5300000000000002 0.00594637151835039 16.0
2.535 0.007379324088656018 16.0
2.54 0.008809027195933638 16.0
2.545 0.010235350499695569 16.0
2.5500000000000003 0.011658163908213004 16.0
2.555 0.013077337599735322 16.0
2.56 0.014492742041451434 16.0
2.565 0.0159042480072839 16.0
2.57 0.017311726595420893 16.0
2.575 0.018715049245761017 16.0
2.58 0.020114087757129934 16.0
2.585 0.021508714303550752 16.0
2.59 0.022898801448865733 16.0
2.595 0.024284222159256713 16.0
2.6 0.02566484981460196 16.0
2.605 0.02704055822050725 16.0
2.61 0.02841122162375029 16.0
2.615 0.02977671473329439 16.0
2.62 0.031136912747678776 16.0
2.625 0.032491691387594474 16.0
2.63 0.033840926931357665 16.0
2.6350000000000002 0.03518449625062296 16.0
2.64 0.03652227684472984 16.0
2.645 0.03785414687329924 16.0
2.65 0.039179985187912894 16.0
2.6550000000000002 0.040499671364076645 16.0
2.66 0.04181308573940248 16.0
2.665 0.04312010943151503 16.0
2.67 0.044420624399091904 16.0
2.6750000000000003 0.04571451347843331 16.0
2.68 0.04700166042906534 16.0
2.685 0.04828194998504271 16.0
2.69 0.04955526791098751 16.0
2.695 0.050821501063247815 16.0
2.7 0.05208053745594259 16.0
2.705 0.05333226633103288 16.0
2.71 0.05457657822972963 16.0
2.715 0.05581336506144345 16.0
2.72 0.057042520166212925 16.0
2.725 0.0582639383683256 16.0
2.73 0.059477516020238715 16.0
2.735 0.060683151037931524 16.0
2.74 0.06188074292889152 16.0
2.745 0.06307019281310372 16.0
2.75 0.06425140343736599 16.0
2.755 0.06542427918264723 16.0
2.7600000000000002 0.0665887260649511 16.0
2.765 0.06774465173019653 16.0
2.77 0.06889196544355262 16.0
2.775 0.07003057807309779 16.0
2.7800000000000002 0.07116040206762118 16.0
2.785 0.07228135142885714 16.0
2.79 0.07339334167985571 16.0
2.795 0.07449628983217166 16.0
2.8000000000000003 0.0755901143556739 16.0
2.805 0.07667473515353079 16.0
2.81 0.07775007354350329 16.0
2.815 0.07881605224504747 16.0
2.82 0.07987259536993298 16.0
2.825 0.08091962841302251 16.0
2.83 0.08195707823930297 16.0
2.835 0.08298487306326413 16.0
2.84 0.08400294241779885 16.0
2.845 0.08501121711115688 16.0
2.85 0.08600962917270702 16.0
2.855 0.08699811178916983 16.0
2.86 0.08797659923425134 16.0
2.865 0.08894502679433366 16.0
2.87 0.08990333069281627 16.0
2.875 0.0908514480140342 16.0
2.88 0.0917893166269005 16.0
2.8850000000000002 0.09271687510783079 16.0
2.89 0.09363406266296233 16.0
2.895 0.09454081905095703 16.0
2.9 0.09543708450840463 16.0
2.9050000000000002 0.096322799680372 16.0
2.91 0.09719790555896447 16.0
2.915 0.09806234343226365 16.0
2.92 0.09891605484631402 16.0
2.9250000000000003 0.09975898158221312 16.0
2.93 0.10059106564978519 16.0
2.935 0.10141224929851253 16.0
2.94 0.10222247504543223 16.0
2.945 0.10302168571905423 16.0
2.95 0.1038098245177911 16.0
2.955 0.1045868350811833 16.0
2.96 0.10535266157245685 16.0
2.965 0.10610724876954221 16.0
2.97 0.10685054216239818 16.0
2.975 0.10758248805259829 16.0
2.98 0.10830303365286383 16.0
2.985 0.10901212718263074 16.0
2.99 0.10970971795714002 16.0
2.995 0.11039575646720327 16.0
3.0 0.11107019444690919 16.0
3.005 0.11173298492809076 16.0
3.0100000000000002 0.1123840822807845 16.0
3.015 0.11302344224029057 16.0
3.02 0.11365102192157939 16.0
3.025 0.11426677982197454 16.0
3.0300000000000002 0.11487067581312117 16.0
3.035 0.115462671123998 16.0
3.04 0.11604272831697776 16.0
3.045 0.11661081125916571 16.0
3.0500000000000003 0.11716688509082548 16.0
3.055 0.1177109161916862 16.0
3.06 0.11824287214451445 16.0
3.065 0.11876272169526327 16.0
3.0700000000000003 0.1192704347094582 16.0
3.075 0.11976598212661368 16.0
3.08 0.1202493359161705 16.0
3.085 0.12072046903943329 16.0
3.09 0.12117935542083605 16.0
3.095 0.12162596993035005 16.0
3.1 0.12206028837679264 16.0
3.105 0.12248228751203011 16.0
3.11 0.12289194504645493 16.0
3.115 0.12328923967647014 16.0
3.12 0.12367415112408833 16.0
3.125 0.12404666018628917 16.0
3.13 0.12440674879016796 16.0
3.1350000000000002 0.12475440004949473 16.0
3.14 0.12508959831912855 16.0
3.145 0.1254123292462005 16.0
3.15 0.12572257981783266 16.0
3.1550000000000002 0.12602033840622698 16.0
3.16 0.12630559481047313 16.0
3.165 0.1265783402936913 16.0
3.17 0.12683856761302648 16.0
3.1750000000000003 0.12708627104079306 16.0
3.18 0.1273214463757139 16.0
3.185 0.12754409094507463 16.0
3.19 0.12775420359898246 16.0
3.1950000000000003 0.12795178469851357 16.0
3.2 0.1281368360985822 16.0
3.205 0.12830936112505031 16.0
3.21 0.12846936454494928 16.0
3.215 0.1286168525284082 16.0
3.22 0.12875183260147827 16.0
3.225 0.12887431359076393 16.0
3.23 0.12898430556198914 16.0
3.235 0.12908181975668362 16.0
3.24 0.12916686853165898 16.0
3.245 0.12923946530621508 16.0
3.25 0.1292996245208537 16.0
3.255 0.1293473616102775 16.0
3.2600000000000002 0.1293826929910393 16.0
3.265 0.12940563606292013 16.0
3.27 0.12941620921973745 16.0
3.275 0.12941443186531032 16.0
3.2800000000000002 0.1294003244300284 16.0
3.285 0.12937390838651044 16.0
3.29 0.12933520626560832 16.0
3.295 0.1292842416762798 16.0
3.3000000000000003 0.12922103933443116 16.0
3.305 0.1291456251043018 16.0
3.31 0.12905802605475555 16.0
3.315 0.1289582705288682 16.0
3.3200000000000003 0.12884638822231662 16.0
3.325 0.12872241026372352 16.0
3.33 0.12858636928918096 16.0
3.335 0.128438299504456 16.0
3.34 0.12827823673153743 16.0
3.345 0.1281062184407193 16.0
3.35 0.12792228377207315 16.0
3.355 0.1277264735499012 16.0
3.36 0.1275188302909129 16.0
3.365 0.1272993982040686 16.0
3.37 0.12706822317945324 16.0
3.375 0.12682535276476595 16.0
3.38 0.12657083613007672 16.0
3.3850000000000002 0.12630472402312443 16.0
3.39 0.12602706871814728 16.0
3.395 0.125737923960921 16.0
3.4 0.12543734491233885 16.0
3.4050000000000002 0.12512538809241197 16.0
3.41 0.12480211132631858 16.0
3.415 0.12446757369419219 16.0
3.42 0.12412183548689039 16.0
3.4250000000000003 0.12376495817020682 16.0
3.43 0.12339700435884203 16.0
3.435 0.12301803780131727 16.0
3.44 0.12262812337492905 16.0
3.4450000000000003 0.12222732709093873 16.0
3.45 0.12181571610849187 16.0
3.455 0.12139335875592808 16.0
3.46 0.12096032455598661 16.0
3.465 0.12051668425001247 16.0
3.47 0.12006250981599519 16.0
3.475 0.11959787447596877 16.0
3.48 0.11912285269096268 16.0
3.485 0.11863752014349523 16.0
3.49 0.11814195370902356 16.0
3.495 0.11763623141690671 16.0
3.5 0.11712043240064947 16.0
3.505 0.11659463683708066 16.0
3.5100000000000002 0.1160589258766036 16.0
3.515 0.11551338156946697 16.0
3.52 0.11495808679386724 16.0
3.525 0.11439312518905062 16.0
3.5300000000000002 0.11381858109414594 16.0
3.535 0.11323453949047194 16.0
3.54 0.11264108594638284 16.0
3.545 0.11203830656484767 16.0
3.5500000000000003 0.11142628793554217 16.0
3.555 0.1108051170934184 16.0
3.56 0.11017488148630485 16.0
3.565 0.1095356689528583 16.0
3.5700000000000003 0.1088875677109262 16.0
3.575 0.10823066635414713 16.0
3.58 0.10756505385360632 16.0
3.585 0.10689081956240234 16.0
3.59 0.10620805322334152 16.0
3.595 0.1055168449813543 16.0
3.6 0.10481728540270077 16.0
3.605 0.10410946550064339 16.0
3.61 0.10339347676618853 16.0
3.615 0.10266941120125615 16.0
3.62 0.10193736135277658 16.0
3.625 0.10119742034644066 16.0
3.63 0.10044968191952426 16.0
3.6350000000000002 0.09969424045142114 16.0
3.64 0.09893119099120931 16.0
3.645 0.09816062928138393 16.0
3.65 0.0973826517776329 16.0
3.6550000000000002 0.09659735566401237 16.0
3.66 0.09580483886362402 16.0
3.665 0.09500520004454222 16.0
3.67 0.09419853862246755 16.0
3.6750000000000003 0.09338495476235974 16.0
3.68 0.0925645493822335 16.0
3.685 0.09173742416212359 16.0
3.69 0.09090368155902386 16.0
3.6950000000000003 0.09006342482635431 16.0
3.7 0.08921675803418692 16.0
3.705 0.08836378608604738 16.0
3.71 0.08750461472942027 16.0
3.715 0.08663935055894782 16.0
3.72 0.08576810101286933 16.0
3.725 0.08489097436388487 16.0
3.73 0.08400807970585293 16.0
3.735 0.08311952693700243 16.0
3.74 0.08222542674048623 16.0
3.745 0.08132589056362524 16.0
3.75 0.08042103059763143 16.0
3.755 0.07951095975967133 16.0
3.7600000000000002 0.078595791677959 16.0
3.765 0.07767564068037759 16.0
3.77 0.07675062178589155 16.0
3.775 0.07582085069889408 16.0
3.7800000000000002 0.07488644380640297 16.0
3.785 0.07394751817831226 16.0
3.79 0.0730041915700693 16.0
3.795 0.0720565824269194 16.0
3.8000000000000003 0.07110480988849065 16.0
3.805 0.0701489937926117 16.0
3.81 0.06918925467673157 16.0
3.815 0.06822571377477017 16.0
3.8200000000000003 0.06725849300731399 16.0
3.825 0.06628771496429002 16.0
3.83 0.06531350288017229 16.0
3.835 0.06433598060340057 16.0
3.84 0.06335527256162951 16.0
3.845 0.06237150372476335 16.0
3.85 0.061384799567517356 16.0
3.855 0.06039528603280498 16.0
3.86 0.059403089496935006 16.0
3.865 0.05840833673601438 16.0
3.87 0.05741115489293912 16.0
3.875 0.05641167144365461 16.0
3.88 0.05541001416172833 16.0
3.8850000000000002 0.054406311080592254 16.0
3.89 0.05340069045245923 16.0
3.895 0.052393280703084646 16.0
3.9 0.051384210380523404 16.0
3.9050000000000002 0.05037360809645615 16.0
3.91 0.04936160245900323 16.0
3.915 0.04834832199722796 16.0
3.92 0.04733389507881906 16.0
3.9250000000000003 0.04631844982296037 16.0
3.93 0.04530211401082681 16.0
3.935 0.04428501499567272 16.0
3.94 0.04326727961381993 16.0
3.9450000000000003 0.04224903409650939 16.0
3.95 0.04123040398150045 16.0
3.955 0.040211514023860945 16.0
